original,translated,reference,context_languages,strategy,comet,chrf,bleu,ter,bertscore
invalid argument %s for %s,argumento %s invÃ¡lido para %s,argumento inválido %s para %s,ID,LLAMA,88.65124583244324,60.137180190168,32.17294420803808,40.0,82.20903277397156
ambiguous argument %s for %s,argumento %s ambíguo para %s,argumento ambíguo %s para %s,ID,LLAMA,92.28426814079285,70.91549278334176,33.437015248821105,20.0,92.2233521938324
Valid arguments are:,Os argumentos válidos são:,Argumentos válidos são:,ID,LLAMA,98.43652844429016,86.19589689046727,39.76353643835252,33.33333333333333,88.09451460838318
write error,erro de escritura,erro de escrita,ID,LLAMA,96.11270427703857,80.71001833901845,55.03212081491043,33.33333333333333,96.32450342178345
Unknown system error,Erro do sistema desconhecido,Erro desconhecido de sistema,ID,LLAMA,94.79895830154419,63.385693111236584,21.02241038134286,50.0,90.22597670555115
"%s: option '%s%s' is ambiguous
","%s: a opciÃ³n '%s%s' é ambígua
","%s: a opção ""%s%s"" é ambígua
",ID,LLAMA,91.95941686630249,50.27659046018373,31.440065102016753,33.33333333333333,77.04129219055176
%s: option '%s%s' is ambiguous; possibilities:,%s: a opciÃ³n '%s%s' é ambígua; possibilidades:,"%s: a opção ""%s%s"" é ambígua; possibilidades:",ID,LLAMA,93.67958903312683,70.4540320635082,46.17268461265338,28.57142857142857,82.89676904678345
"%s: unrecognized option '%s%s'
",%s: opção '%s%s' não reconhecida.,"%s: opção desconhecida ""%s%s""
",ID,LLAMA,90.89996218681335,52.678350590963795,30.66148710292676,75.0,87.96006441116333
"%s: option '%s%s' doesn't allow an argument
","%s: a opciÃ³n '%s%s' não permite argumento
","%s: a opção ""%s%s"" não permite um argumento
",ID,LLAMA,89.45885300636292,54.20054829849769,27.43937845663834,37.5,81.45446181297302
"%s: option '%s%s' requires an argument
","%s: a opciÃ³n '%s%s' requer um argumento
","%s: a opção ""%s%s"" exige um argumento
",ID,LLAMA,92.82546043395996,47.437734668961546,28.863046226018728,42.857142857142854,81.44263029098511
"%s: invalid option -- '%c'
",%s: a opciÃ³n invÃ¡lida -- '%c',"%s: opção inválida -- ""%c""
",ID,LLAMA,82.27277994155884,31.963152906309077,17.747405280050266,80.0,75.17437934875488
"%s: option requires an argument -- '%c'
",%s: a opciÃ³n requer um argumento -- '%c',"%s: a opção exige um argumento -- ""%c""
",ID,LLAMA,91.90561175346375,52.76927735539998,29.167552921712726,37.5,87.53563165664673
`,`,“,ID,LLAMA,92.2387182712555,0.0,0.0,100.0,100.00003576278687
',ID,”,ID,LLAMA,72.0537781715393,0.0,0.0,100.0,78.16147208213806
Success,Conseguido,Sucesso,ID,LLAMA,81.35891556739807,7.518796992481204,0.0,100.0,78.32618355751038
No match,Sin coincidencia,Nenhuma ocorrência do padrão,ID,LLAMA,50.77828764915466,9.548529741151238,0.0,100.0,67.76908040046692
Invalid regular expression,ExpresiÃ£o regular inválida,Expressão regular inválida,ID,LLAMA,83.77607464790344,72.77182339515338,55.03212081491043,33.33333333333333,83.10328722000122
Invalid collation character,Caracter de colação inválido,Caractere de combinação inválido,ID,LLAMA,69.22707557678223,54.17564791212926,18.99589214128981,50.0,92.93521642684937
Invalid character class name,Nome de classe de caracteres invÃ¡lido,Nome inválido de categoria de caracteres,ID,LLAMA,84.82185006141663,45.476752925018644,19.304869754804482,50.0,80.12023568153381
Trailing backslash,barra invertida no final,Barra invertida no final,ID,LLAMA,86.51422262191772,88.61921193916163,59.460355750136046,0.0,94.89543437957764
Invalid back reference,ReferÃªncia para atrás inválida,Retrorreferência inválida,ID,LLAMA,80.88981509208679,37.19341051907636,15.97357760615681,100.0,81.32348656654358
"Unmatched [, [^, [:, [., or [=","Tidak cocok [, [^, [:, [., atau [=","[, [^, [:, [. ou [= sem correspondente",ID,LLAMA,85.19182801246643,39.10873100861645,62.628449627654696,75.0,87.71829009056091
Unmatched ( or \(,"Tidak cocok ( atau "") ID desemparelhado",( ou \( sem correspondente,ID,LLAMA,44.167137145996094,13.502129475292232,5.522397783539471,100.0,66.57262444496155
Unmatched \{,Tidak cocok { desemparejado},\{ sem correspondente,ID,LLAMA,46.038201451301575,14.996594151985141,10.682175159905848,100.0,62.00115084648132
Invalid content of \{\},Contenido invÃ¡lido de \\{\},Conteúdo inválido de \{\},ID,LLAMA,84.82474088668823,44.32383104470535,39.281465090051306,75.0,81.86337947845459
Invalid range end,ID final inválido,Fim de intervalo inválido,ID,LLAMA,58.551037311553955,29.32464809629994,19.716118825581447,75.0,77.46105790138245
Memory exhausted,Memória insuficiente,Memória esgotada,ID,LLAMA,83.53082537651062,33.228653606906335,49.99999999999999,50.0,84.01222229003906
Invalid preceding regular expression,A expressÃ£o regular anterior é invÃ¡lida,A expressão regular precedente é inválida,ID,LLAMA,79.28935885429382,40.1691744635293,10.682175159905853,50.0,75.49634575843811
Premature end of regular expression,Fim prematuro da expressÃ£o regular,Fim prematuro da expressão regular,ID,LLAMA,61.090755462646484,80.9093700559617,42.72870063962342,20.0,83.19860696792603
Regular expression too big,A expressão regular é muito grande.,Expressão regular grande demais,ID,LLAMA,72.03138470649719,52.83282727755893,7.809849842300637,100.0,76.6863763332367
Unmatched ) or \),"Tidak cocokei ) ou "")",) ou \) sem correspondente,ID,LLAMA,54.33583855628967,16.682837320264774,17.965205598154213,80.0,70.72828412055969
No previous regular expression,Não há nenhuma expressÃ£o regular anterior.,Nenhuma expressão regular anterior,ID,LLAMA,86.94517016410828,70.21617073754318,13.134549472120788,100.0,75.40857195854187
^[yY],^[sS] = ID,^[+1SsyY],ID,LLAMA,80.2524745464325,14.299796939931998,17.965205598154213,100.0,78.67709994316101
^[nN],^[tT],^[-0nN],ID,LLAMA,94.35921311378479,16.259949727691662,35.35533905932737,100.0,87.41946816444397
"Packaged by %s (%s)
",Empacotado por %s (%s),"Empacotado por %s (%s)
",ID,LLAMA,97.31993079185486,100.0,100.00000000000004,0.0,100.0
"Packaged by %s
",Empacotado por %s,"Empacotado por %s
",ID,LLAMA,98.29272627830505,100.0,100.00000000000004,0.0,99.99997019767761
(C),©,(C),ID,LLAMA,75.47768354415894,0.0,0.0,100.0,65.65549373626709
"License GPLv3+: GNU GPL version 3 or later <%s>.
This is free software: you are free to change and redistribute it.
There is NO WARRANTY, to the extent permitted by law.
","Licenciamento GPLv3+: GNU GPL versão 3 ou posterior <%s>. Este é software livre: ele lhe dá a liberdade de modificar e redistribuir. Não há garantias, até onde a lei permite.","Licença GPLv3+: GNU GPL versão 3 ou posterior <%s>
Este é um software livre: você é livre para alterá-lo e redistribuí-lo.
NÃO HÁ QUALQUER GARANTIA, na máxima extensão permitida em lei.
",ID,LLAMA,81.84792399406433,45.110062096084626,37.065734067703936,61.29032258064516,79.74923849105835
"Written by %s.
","Escrito por %s. 
","Escrito por %s.
",ID,LLAMA,98.86448979377747,100.0,100.00000000000004,0.0,100.00001192092896
"Written by %s and %s.
","Escrito por %s e %s. 
","Escrito por %s e %s.
",ID,LLAMA,98.28445315361023,100.0,100.00000000000004,0.0,100.00001192092896
"Written by %s, %s, and %s.
","Escrito por %s, %s e %s. 
","Escrito por %s, %s, e %s.
",ID,LLAMA,97.27108478546143,78.19529357205283,74.26141117870938,16.666666666666664,98.24777245521545
"Written by %s, %s, %s,
and %s.
","Escrito por %s, %s, %s e %d. Dan %<PRIuMAX>.
","Escrito por %s, %s, %s,
e %s.
",ID,LLAMA,76.33265256881714,66.82285195857494,50.02148597462021,57.14285714285714,86.47034168243408
"Written by %s, %s, %s,
%s, and %s.
","Escrito por %s, %s, %s, 
%s e dan %s. 
","Escrito por %s, %s, %s,
%s, e %s.
",ID,LLAMA,95.7931399345398,79.97139730260558,78.96895367562644,25.0,96.38080596923828
"Written by %s, %s, %s,
%s, %s, and %s.
","Escrito por %s, %s, %s, %s, %s e dan %s. 
","Escrito por %s, %s, %s,
%s, %s, e %s.
",ID,LLAMA,95.24770379066467,82.41422940723947,82.42510954197306,22.22222222222222,96.97741270065308
"Written by %s, %s, %s,
%s, %s, %s, and %s.
","Escrito por %s, %s, %s, %s, %s, %s e %s. 
","Escrito por %s, %s, %s,
%s, %s, %s, e %s.
",ID,LLAMA,96.88344597816467,87.92284978728655,88.62476419965998,10.0,98.73353242874146
"Written by %s, %s, %s,
%s, %s, %s, %s,
and %s.
","Escrito por %s, %s, %s, 
%s, %s, %s, %s, 
dan %s. 
","Escrito por %s, %s, %s,
%s, %s, %s, %s,
e %s.
",ID,LLAMA,95.40490508079529,90.06611899432896,89.85396083419644,9.090909090909092,98.48273396492004
"Written by %s, %s, %s,
%s, %s, %s, %s,
%s, and %s.
","Escrito por %s, %s, %s, 
%s, %s, %s, %s, 
%s, dan %s. 
","Escrito por %s, %s, %s,
%s, %s, %s, %s,
%s, e %s.
",ID,LLAMA,95.37590146064758,90.93867614485602,90.9593063222022,8.333333333333332,98.533034324646
"Written by %s, %s, %s,
%s, %s, %s, %s,
%s, %s, and others.
","Escrito por %s, %s, %s, 
%s, %s, %s, %s, 
%s, %s e outros.","Escrito por %s, %s, %s,
%s, %s, %s, %s,
%s, %s, e outros.
",ID,LLAMA,96.9173014163971,91.22678528068838,91.67409308877167,7.6923076923076925,99.30303692817688
"Report bugs to: %s
",Laporkan erros no programa para: %s,"Relate erros para: %s
Relate erros de tradução para <https://translationproject.org/team/pt_BR.html>
",ID,LLAMA,54.158610105514526,19.417617349498954,3.0006599964971663,80.0,70.0247049331665
"Report %s bugs to: %s
","Comunicar erros sobre %s para o repositório do GitHub em nome de %s
","Relate erros do %s para: %s
",ID,LLAMA,60.582029819488525,34.0715315316761,13.380161378318954,100.0,76.30394697189331
"%s home page: <%s>
",Beranda %s: <%s>,"Página do %s: <%s>
",ID,LLAMA,80.9241235256195,45.481580882758735,74.20884818558928,50.0,87.54215240478516
"General help using GNU software: <%s>
","Bem-vindo ao manual geral sobre o uso de software de GNU e Linux. Para obter mais informações, consulte 'Ayuda general' ou utilize a opção '-h'.
","Ajuda geral no uso de softwares GNU: <%s>
",ID,LLAMA,64.76498246192932,31.716217704850308,3.176023542809473,100.0,72.73797392845154
memory exhausted,memória agotada,memória esgotada,ID,LLAMA,90.9460961818695,53.017843520491546,49.99999999999999,50.0,89.4344687461853
Disk Image,Imagem de Disco,Imagem de disco,ID,LLAMA,92.0000970363617,63.37242618492619,55.03212081491043,0.0,94.43600177764893
Error opening %s: %s,Erro ao abrir %s: %s,Erro ao abrir %s: %s,ID,LLAMA,97.67854809761047,100.0,100.00000000000004,0.0,100.00002384185791
Unable to open %s read-write (%s).  %s has been opened read-only.,"Não é possível abrir %s no modo de leitura e escrita (%d). O arquivo foi aberto apenas para leitura.
",Não foi possível abrir %s para leitura e escrita (%s). %s foi aberto somente-leitura.,ID,LLAMA,86.2400770187378,63.15533651188374,29.81792160679168,71.42857142857143,89.24548029899597
%s during seek for read on %s,%s durante a preparaÃ§Ã£o para leitura em %s,%s durante busca para leitura em %s,ID,LLAMA,77.11477875709534,71.25139556623398,52.53819788848316,28.57142857142857,86.63893938064575
%s during read on %s,%s durante a leitura em %s,%s durante leitura em %s,ID,LLAMA,93.78259778022766,84.99653978144678,50.000000000000014,20.0,97.51999974250793
"Can't write to %s, because it is opened read-only.","Não podemos escrever em %s, pois atualmente está aberto para leitura apenas.","Não é possível escrever em %s, pois foi aberto como somente-leitura.",ID,LLAMA,84.42145586013794,48.62983633418065,35.83129187641355,63.63636363636363,90.90045690536499
%s during seek for write on %s,%s durante a preparaÃ§Ã£o para escrever em %s,%s durante busca para escrita em %s,ID,LLAMA,80.71857690811157,52.472832060990804,27.301208627090666,42.857142857142854,84.38875079154968
%s during write on %s,%s durante a escritura em %s,%s durante escrita em %s,ID,LLAMA,91.08080863952637,68.71276185456773,34.57207846419412,40.0,95.44367790222168
"Try `%s --help' for more information.
",Tente '%s --help' para mais informações.,"Tente ""%s --help"" para mais informações.
",ID,LLAMA,96.67884707450867,74.35736293539898,33.010083098515025,33.33333333333333,97.45575189590454
"Usage: %s [OPTION] [DEVICE]...
",Penggunaan: %s [OPSI] [PERANGKAT]...,"Uso: %s [OPÇÃO] [DISPOSITIVO]...
",ID,LLAMA,72.54330515861511,28.493192158022236,42.50281413416977,75.0,87.32404708862305
"Inform the operating system about partition table changes.

  -d, --dry-run    do not actually inform the operating system
  -s, --summary    print a summary of contents
  -h, --help       display this help and exit
  -v, --version    output version information and exit
","Informe ao sistema operacional sobre alterações na tabela de particionamento. 

 -d, --dry-run    Não informe ao sistema operacional.
 -s, --summary    Mostre um resumo do conteúdo.
 -h, --help       Mostre esta ajuda e saia.
 -v, --version    Mostre informações sobre a versão e saia.","Informa ao sistema operacional sobre alterações na tabela de partição.

  -d, --dry-run    não chega a informar ao sistema operacional
  -s, --summary    exibe um resumo do conteúdo
  -h, --help       exibe esta ajuda e sai
  -v, --version    mostra informações da versão e sai
",ID,LLAMA,75.70603489875793,72.34103877222066,36.29057877413487,31.70731707317073,84.76274609565735
"
When no DEVICE is given, probe all partitions.
","Sem dispositivo, analise todas as partições.","
Quando nenhum DISPOSITIVO é informado, investiga todas as partições.
",ID,LLAMA,67.78525114059448,34.851775004700755,25.124218547395092,66.66666666666666,80.15477657318115
"
Report bugs to <%s>.
","Comunicar erros <%s>. Lorem ipsum dolor sit amet, consectetur adipiscing elit. Vivamus porta vel nulla eget sagittis.","
Relate erros para <%s>.
",ID,LLAMA,42.60582625865936,22.374334505595968,15.41506497751075,100.0,70.17343640327454
Unable to open %s.,Não é possível abrir %s.,Não foi possível abrir %s.,ID,LLAMA,96.77112102508545,74.36139983610926,64.34588841607616,20.0,97.958242893219
Unable to probe store.,Não é possível sondear a loja.,Não foi possível investigar armazenamento.,ID,LLAMA,75.56461095809937,25.428156208550913,8.643019616048525,80.0,82.05038905143738
%s trying to sync %s to disk,%s tentando sincronizar %s com o disco,%s tentando sincronizar %s ao disco,ID,LLAMA,90.6039297580719,83.55289205290427,61.04735835807847,33.33333333333333,96.06761336326599
Could not stat device %s - %s.,Não é possível executar `stat' sobre o dispositivo %s - %s.,Não foi possível obter estado do dispositivo %s - %s.,ID,LLAMA,79.47713732719421,56.04625356809052,42.61082723917019,50.0,88.80575299263
Unable to determine the dm type of %s.,Não é possível determinar o tipo de DM dado por %s.,Não foi possível determinar o tipo dm de %s.,ID,LLAMA,73.45738410949707,67.100802972617,29.782017963590448,44.44444444444444,91.34878516197205
"Could not determine sector size for %s: %s.
Using the default sector size (%lld).","Não foi possível determinar o tamanho do setor para %s: %s. 

Utiliza-se, por omissÃ£o, um valor padrÃ³rio (%lld).","Não foi possível determinar o tamanho do setor para %s: %s.
Utilizando tamanho padrão do setor (%lld).",ID,LLAMA,81.51673674583435,71.50533946831709,63.647132443926075,35.294117647058826,86.08258962631226
"Could not determine physical sector size for %s.
Using the logical sector size (%lld).","Não foi possível determinar o tamanho do setor físico para %s. Utiliza-se, em vez disso, o tamanho do setor lógico (%lld).","Não foi possível determinar o tamanho do setor físico para %s.
Utilizando tamanho do setor lógico (%lld).",ID,LLAMA,90.33002853393555,90.74340693388781,68.66540812681794,29.411764705882355,92.15941429138184
Unable to determine the size of %s (%s).,Não é possível determinar o tamanho do %s (%s).,Não foi possível determinar tamanho de %s (%s).,ID,LLAMA,93.90134811401367,68.4079968153963,50.317476265301394,37.5,96.69170379638672
Generic IDE,IDE Gerenciado,IDE genérico,ID,LLAMA,54.73587512969971,21.077071387885137,49.99999999999999,50.0,81.35502338409424
Could not get identity of device %s - %s,Não é possível obter a identidade do dispositivo %s - %s,Não foi possível obter a identificação do dispositivo %s - %s,ID,LLAMA,95.17574310302734,72.68454901320604,59.230330720232516,18.181818181818183,97.0454454421997
"Device %s has multiple (%d) logical sectors per physical sector.
GNU Parted supports this EXPERIMENTALLY for some special disk label/file system combinations, e.g. GPT and ext2/3.
Please consult the web site for up-to-date information.","O dispositivo %s possui vários (%d) setores lógicos por cada setor físico. GNU Parted implementa isso de forma EXPERIMENTAL para algumas combinações especiais de etiquetas de disco/sistema de arquivos, como GPT e ext2/3. Por favor consulte o site web para informações atualizadas.","O dispositivo %s possui múltiplos setores lógicos (%d) por setores físicos.
GNU Parted suporta isto de forma EXPERIMENTAL para alguns rótulos de disco/combinações de sistema de arquivos especiais, ex.: GPT e ext2/3.
Por gentileza, consulte o site para informações atualizadas.",ID,LLAMA,84.09093022346497,66.93386869594417,39.303578860799306,42.5,91.88067317008972
Error initialising SCSI device %s - %s,Erro ao iniciar o dispositivo SCSI %s - %s,Erro ao inicializar dispositivo SCSI %s - %s,ID,LLAMA,94.86510157585144,80.82846676138989,63.15552371794039,25.0,96.23098373413086
The device %s is so small that it cannot possibly store a file system or partition table.  Perhaps you selected the wrong device?,O dispositivo %s é tão pequeno que não pode conter um sistema de arquivos ou tabela de particionamento. Talvez tenha selecionado o dispositivo errado?,O dispositivo %s é tão pequeno que possivelmente não pode armazenar um sistema de arquivos ou tabela de partições. Talvez você selecionou o dispositivo errado?,ID,LLAMA,92.57825016975403,72.59154575129529,57.614109264282824,20.0,93.13166737556458
Unable to determine geometry of file/device %s.  You should not use Parted unless you REALLY know what you're doing!,"NÃO é possível determinar a geometria do ficheiro/dispositivo %s. NÃO deve utilizar Parted, salvo que seja BENAR-BENAR saber o que está fazendo!",Não foi possível determinar a geometria do arquivo/dispositivo %s. Você não deveria utilizar o Parted a menos que você REALMENTE saiba o que está fazendo!,ID,LLAMA,67.80129075050354,53.344775467437955,36.54534408821579,44.0,82.64662027359009
Generic SD/MMC Storage Card,CartÃ£o de Memoria Secreta/MMC Gerencial,Cartão de armazenamento genérico SD/MMC,ID,LLAMA,54.97352480888367,18.04714234367678,14.535768424205482,80.0,73.34331274032593
NVMe Device,Dispositivo NVMe,Dispositivo NVMe,ID,LLAMA,98.85305762290955,100.0,100.00000000000004,0.0,99.99997615814209
DAC960 RAID controller,Controladora RAID DAC960,Controlador RAID DAC960,ID,LLAMA,96.30634784698486,78.03365862100347,55.03212081491043,33.33333333333333,98.87595772743225
Promise SX8 SATA Device,Perangkat Promise SX8 SATA,Dispositivo Promise SX8 SATA,ID,LLAMA,93.4028685092926,57.0431359408898,59.460355750136046,25.0,89.9675726890564
ATA over Ethernet Device,Dispositivo ATA por Ethernet,ATA através de dispositivo Ethernet,ID,LLAMA,86.54455542564392,43.46919202676266,14.794015674776452,60.0,82.41692185401917
IBM S390 DASD drive,Unidade DASD IBM S390,Unidade DASD IBM S390,ID,LLAMA,98.93094301223755,100.0,100.00000000000004,0.0,100.0
IBM iSeries Virtual DASD,DASD Virtual IBM iSeries,DASD Virtual IBM iSeries,ID,LLAMA,97.9242742061615,100.0,100.00000000000004,0.0,99.99999403953552
Compaq Smart Array,Estrutura Smart de Compaq,Compaq Smart Array,ID,LLAMA,84.22788381576538,39.737195912770034,18.99589214128981,100.0,79.95684146881104
ATARAID Controller,Controladora ATARAID,Controlador ATARAID,ID,LLAMA,94.35765147209167,67.29407459249474,49.99999999999999,50.0,98.52008819580078
I2O Controller,Controladora I20,Controlador I2O,ID,LLAMA,92.10532307624817,56.742268140139394,0.0,100.0,88.69337439537048
User-Mode Linux UBD,UBD de User-Mode Linux,Linux UBD modo usuário,ID,LLAMA,71.85433506965637,24.342857757137946,18.99589214128981,75.0,78.68536114692688
Loopback device,Dispositivo de origem,Dispositivo loopback,ID,LLAMA,74.7951090335846,44.71466652013002,27.516060407455225,100.0,85.11834144592285
Linux device-mapper (%s),Mapeador de dispositivos do Linux (%s),Mapeador de dispositivo Linux (%s),ID,LLAMA,91.12582802772522,85.9892595086306,51.33450480401705,40.0,95.57313323020935
Xen Virtual Block Device,Dispositivo orientado a bloques virtual Xen,Dispositivo de bloco virtual Xen,ID,LLAMA,78.53178381919861,57.25148376161202,17.965205598154213,60.0,91.46199226379395
Unknown,Desconhecida,Desconhecido,ID,LLAMA,94.57687735557556,76.3827045969903,0.0,100.0,74.57823157310486
Virtio Block Device,Dispositivo orientado a bloques Virtio,Dispositivo de bloco Virtio,ID,LLAMA,67.25974678993225,48.08869743547369,12.703318703865365,75.0,89.05215859413147
Linux Software RAID Array,Conjunto Software RAID de Linux,Conjunto RAID por software Linux,ID,LLAMA,92.1460747718811,50.89294226509834,14.058533129758727,40.0,90.60396552085876
ped_device_new()  Unsupported device type,ped_device_new() Tipo de dispositivo não suportado,ped_device_new()  Tipo de dispositivo não suportado,ID,LLAMA,98.1347382068634,100.0,100.00000000000004,0.0,100.0
Error fsyncing/closing %s: %s,Erro ao usar fsync ou fechar %s: %s,Erro ao chamar fsync/fechar %s: %s,ID,LLAMA,87.50617504119873,62.12607497147589,53.48259312838876,66.66666666666666,93.52821111679077
%0.0send of file while reading %s,%0.0s akhir berkas saat membaca %s,%0.0s fim de arquivo enquanto lê %s,ID,LLAMA,78.08257937431335,20.446967021852323,13.784336590962209,71.42857142857143,88.50308656692505
Error informing the kernel about modifications to partition %s -- %s.  This means Linux won't know about any changes you made to %s until you reboot -- so you shouldn't mount it or use it in any way before rebooting.,"Erro ao informar o núcleo sobre as modificificações na participação %s -- %s. Isso significa que Linux não reconhecerá nenhum dos alteraÃºrios feitos no kernel até que seja reiniciado - portanto, ele não pode montar ou utilizar a partição antes de um reboot.",Erro ao informar ao kernel sobre alterações na partição %s -- %s. Isto significa que o Linux não saberá de qualquer alteração que você tenha feito em %s até que o computador seja reiniciado -- logo você não deve montá-lo ou usá-lo de maneira alguma antes de reiniciar.,ID,LLAMA,74.40838813781738,46.03845241448892,16.184254478573774,62.5,83.84899497032166
Unable to determine the start and length of %s.,Não é possível determinar o início e tamanho do %s.,Não foi possível determinar o início e comprimento de %s.,ID,LLAMA,78.42488884925842,60.23597035850998,43.66835442847811,30.0,97.10443019866943
"Partition(s) %s on %s have been written, but we have been unable to inform the kernel of the change, probably because it/they are in use.  As a result, the old partition(s) will remain in use.  You should reboot now before making further changes.","As participações(s) %s em %s foram escritas, porém não conseguimos informar ao núcleo do sistema sobre o alteração feita. Probavelmente porque estão em uso atualmente. Consequentemente, as participações antigas continuarÃ£o no uso. Deve-se reiniciar agora antes de fazer mais alterações.","As partição(ões) %s em %s foram escritas, mas não foi possível informar ao kernel sobre as alterações, provavelmente está(ão) em uso. Como resultado, a(s) partição(ões) antiga(s) permanecerá(ão) em uso.  Você deve reinicializar agora antes de realizar alterações posteriores.",ID,LLAMA,70.90618014335632,43.8234632639424,19.218251527144712,71.05263157894737,81.8348228931427
Can't have the end before the start! (start sector=%jd length=%jd),Não é possível ter o final da participação antes do início! (sector de inicio=%jd tamanho=%jd),Não é possível ter o fim antes do início! (setor inicial=%jd comprimento=%jd),ID,LLAMA,87.50978708267212,61.71506239757068,44.438146210688274,58.333333333333336,94.1076934337616
Attempt to write sectors %ld-%ld outside of partition on %s.,Tentaram escrever os sectores %ld-%ld fora do participante em %s.,Tentativa de escrever setores %ld-%ld fora da partição em %s.,ID,LLAMA,65.38135409355164,54.84101481562641,42.311785416105785,60.0,89.79008793830872
checking for bad blocks,comprobando blocos errôneus,verificando por blocos defeituosos,ID,LLAMA,73.70685935020447,21.62341558950523,19.716118825581447,75.0,73.54783415794373
"Backtrace has %d calls on stack:
","Backtrace tem %d chamadas na pilha:
","Backtrace possui %d chamadas na pilha:
",ID,LLAMA,94.59932446479797,74.76301014576292,70.71067811865478,16.666666666666664,98.38153123855591
Assertion (%s) at %s:%d in function %s() failed.,A assinatura (%s) caiu em %s:%d na funÃ§Ã£o %s().,A declaração (%s) em %s:%d na função %s() falhou.,ID,LLAMA,66.49263501167297,41.06406489942859,55.4791407310483,55.55555555555556,84.7416341304779
%s: unrecognised disk label,%s: etiqueta de disco desconhecida,%s: rótulo de disco irreconhecível,ID,LLAMA,73.26241731643677,40.173117272255205,30.739407647563215,40.0,84.28944945335388
This libparted doesn't have write support for %s.  Perhaps it was compiled read-only.,Esta biblioteca libparted não possui suporte para escrita em %s. Quem sabe foi compilada apenas para leitura.,O libparted não possui suporte para escrita em %s.  Talvez isto tenha sido compilado como somente-leitura.,ID,LLAMA,90.04863500595093,58.35327474917844,46.728253537438206,56.25,88.04216980934143
"Partition %d is %s, but the file system is %s.","A participÃ£o %d é %s, porém o sistema de ficheiros é do tipo %s.","A partição %d é %s, mas o sistema de arquivos é %s.",ID,LLAMA,74.94966387748718,49.113637240033874,39.51500216160541,41.66666666666667,87.38803267478943
cylinder_alignment,alinhamento cilíndrico do alinhaciÃ³n_cilÃ­ndrica,cylinder_alignment,ID,LLAMA,48.24956953525543,17.480076026614697,8.116697886877475,100.0,63.87953162193298
pmbr_boot,arranque_pmbr,pmbr_boot,ID,LLAMA,69.03367638587952,17.93073708952223,34.66806371753173,100.0,81.97916746139526
"Unknown disk flag, %d.","Bandeira de disco desconhecida, %d.","Opção desconhecida de partição, %d.",ID,LLAMA,61.138588190078735,48.00755672766241,38.260294162784454,80.0,87.1295690536499
%s disk labels do not support extended partitions.,As etiquetas de disco %s não suportam partições estendidas.,Rótulos de disco %s não suportam partições estendidas.,ID,LLAMA,88.25512528419495,86.14842617361093,78.60753021519781,25.0,91.02144241333008
%s disk labels don't support logical or extended partitions.,As etiquetas de disco %s não suportam partições estendidas ou lógicas.,Rótulos de disco %s não suportam partições lógicas ou estendidas.,ID,LLAMA,86.36675477027893,75.4934585917964,52.664038784792645,40.0,91.93562269210815
Too many primary partitions.,Existe demasiadas particiones primarias.,Há partições primárias demais.,ID,LLAMA,78.12038064002991,30.09931489670155,10.682175159905848,100.0,86.06323599815369
"Can't add a logical partition to %s, because there is no extended partition.","Não é possível adicionar uma participação lógica em %s, porque não há nenhuma partição estendida.","Não posso adicionar uma partição lógica em %s, pois não há uma partição estendida.",ID,LLAMA,78.34444642066956,70.92490770130902,32.62478546610939,35.714285714285715,93.5359239578247
Can't have more than one extended partition on %s.,Não pode haver mais de uma participação estendida em %s.,Não pode existir mais de uma partição estendida em %s.,ID,LLAMA,78.0495822429657,73.08244983736247,46.59538415189962,20.0,94.53489780426025
Can't have logical partitions outside of the extended partition.,Não é possível ter uma participação lógica fora da partição estendida.,Partições lógicas não podem existir fora da partição estendida.,ID,LLAMA,68.33156943321228,51.90349271917973,31.702331385234313,77.77777777777779,89.07355070114136
Can't have a logical partition outside of the extended partition on %s.,Não pode haver uma participação legal fora da partida estendida em %s.,Uma partição lógica não pode existir fora da partição estendida em %s.,ID,LLAMA,51.65398716926575,51.467578835874924,31.61487584488944,50.0,85.52181124687195
Can't have a primary partition inside an extended partition.,Não é possível ter uma partição primária dentro de uma partição extensiva.,Não é possível ter uma partição primária dentro de uma partição estendida.,ID,LLAMA,90.50191640853882,87.98784629322215,84.23626743789745,8.333333333333332,96.16402387619019
Can't have a partition outside the disk!,Não se pode participar fora do disco!,Não é possível ter uma partição para fora do disco!,ID,LLAMA,62.61562705039978,39.91356171381545,25.124218547395092,60.0,87.90481686592102
Can't have overlapping partitions.,Não é possível ter partições sobrepostas.,Não é possível ter partições que se sobrepõem.,ID,LLAMA,91.66309237480164,68.015844842236,48.35447404743731,37.5,91.75490736961365
metadata,metadados,metadados,ID,LLAMA,99.25174117088318,100.0,100.00000000000004,0.0,100.0
free,livre,livre,ID,LLAMA,98.81972670555115,100.0,100.00000000000004,0.0,99.99997019767761
extended,extensão,estendida,ID,LLAMA,74.19887185096741,13.881080734180465,0.0,100.0,79.88357543945312
logical,lógica,lógica,ID,LLAMA,97.5293219089508,100.0,100.00000000000004,0.0,99.99998211860657
primary,ID da tabela primária,primária,ID,LLAMA,68.8287079334259,71.39828317871529,15.97357760615681,100.0,78.9420485496521
boot,arranque do sistema operacional,boot,ID,LLAMA,50.82136392593384,6.818181818181819,0.0,100.0,71.87288999557495
bios_grub,bios_grub,bios_grub,ID,LLAMA,99.36982989311218,100.0,100.00000000000004,0.0,100.0
root,raiz,root,ID,LLAMA,64.08419609069824,5.0,0.0,100.0,81.79701566696167
swap,troca de memória,swap,ID,LLAMA,73.84784817695618,3.3333333333333335,0.0,100.0,72.57646918296814
hidden,oculta,escondida,ID,LLAMA,73.78571629524231,5.10204081632653,0.0,100.0,76.21222734451294
raid,raid,raid,ID,LLAMA,98.50218892097473,100.0,100.00000000000004,0.0,100.0
lvm,volume lógico (LVM),lvm,ID,LLAMA,59.837400913238525,12.931034482758621,0.0,100.0,68.80674958229065
lba,lba,lba,ID,LLAMA,98.82950186729431,100.0,100.00000000000004,0.0,99.99995827674866
hp-service,utilidade hp,hp-service,ID,LLAMA,82.78762698173523,7.155056728071245,0.0,100.0,80.43758273124695
palo,vara,palo,ID,LLAMA,68.10280680656433,5.0,0.0,100.0,81.83705806732178
prep,ID,prep,ID,LLAMA,66.15408062934875,0.0,0.0,100.0,74.59291219711304
msftres,msftres,msftres,ID,LLAMA,99.11420941352844,100.0,100.00000000000004,0.0,100.00005960464478
msftdata,msftdata,msftdata,ID,LLAMA,99.42339062690735,100.0,100.00000000000004,0.0,100.00001192092896
atvrecv,atvrecv,atvrecv,ID,LLAMA,99.18578267097473,100.0,100.00000000000004,0.0,100.0
diag,diag,diag,ID,LLAMA,98.61950874328613,100.0,100.00000000000004,0.0,100.00004768371582
legacy_boot,arranque_legacy,legacy_boot,ID,LLAMA,68.93443465232849,31.57473675892122,34.66806371753173,100.0,83.65002870559692
irst,ID,irst,ID,LLAMA,62.56551146507263,0.0,0.0,100.0,72.11345434188843
esp,ID,esp,ID,LLAMA,69.14945244789124,0.0,0.0,100.0,75.07619857788086
bls_boot,arranque_bls,bls_boot,ID,LLAMA,77.2084891796112,14.092692522115982,34.66806371753173,100.0,82.72282481193542
"Unknown partition flag, %d.","Modificador de particion desconhecido, %d.","Opção de partição desconhecida, %d.",ID,LLAMA,74.10019040107727,49.14626986373125,36.55552228545123,60.0,87.01437711715698
Information,Informação,Informação,ID,LLAMA,99.03149008750916,100.0,100.00000000000004,0.0,99.99997615814209
Warning,Peringatan,Atenção,ID,LLAMA,66.28633141517639,5.639097744360902,0.0,100.0,73.81099462509155
Error,Erro,Erro,ID,LLAMA,98.89680743217468,100.0,100.00000000000004,0.0,100.0
Fatal,Fatal,Fatal,ID,LLAMA,99.32514429092407,100.0,100.00000000000004,0.0,100.0
Bug,Erro,Erro,ID,LLAMA,98.89504313468933,100.0,100.00000000000004,0.0,100.0
No Implementation,Sin ImplementaciÃ³n,Sem implementação,ID,LLAMA,88.17844986915588,35.979029052220234,0.0,100.0,63.76728415489197
Fix,Reparar,Arrumar,ID,LLAMA,56.79658055305481,8.503401360544217,0.0,100.0,69.98721361160278
Yes,São as letras 'SI' em maiúsculas.,Sim,ID,LLAMA,45.30572295188904,9.375,0.0,100.0,58.753836154937744
No,Não,Não,ID,LLAMA,99.09730553627014,100.0,100.00000000000004,0.0,100.00003576278687
OK,Acordado,OK,ID,LLAMA,71.41467928886414,0.0,0.0,100.0,72.78767228126526
Retry,Reintentar,Repetir,ID,LLAMA,48.4387069940567,13.44353908982551,0.0,100.0,82.12166428565979
Ignore,Descartar,Ignorar,ID,LLAMA,52.635616064071655,8.02404295051354,0.0,100.0,80.9694766998291
Cancel,_Cancelar_,Cancelar,ID,LLAMA,63.82790207862854,79.47514297425488,27.516060407455225,100.0,82.46963024139404
A bug has been detected in GNU Parted.  Refer to the web site of parted http://www.gnu.org/software/parted/parted.html for more information of what could be useful for bug submitting!  Please email a bug report to %s containing at least the version (%s) and the following message:  ,"Se detectou um erro no GNU Parted. Consulte o site web da parted http://www.gnu.org/software/parted/parted.html para mais informações sobre o que pode ser útil ao relatar o erro! Por favor, envie uma mensagem de email para %s contendo pelo menos a versão (%d) e este aviso: 'Erro detectado no GNU Parted'","Um erro foi detectado no GNU parted.  Visite o site do parted: http://www.gnu.org/software/parted/parted.html para mais informações sobre o que pode ser útil na hora de submeter um relatório de erro. Por favor, envie um relatório de erro para %s contendo ao menos a versão (%s) e a seguinte mensagem:  ",ID,LLAMA,83.41142535209656,63.45946886254041,50.89778741850828,53.06122448979592,88.71980309486389
Support for reading AIX disk labels is is not implemented yet.,Suporte para ler etiquetas de disco AIX ainda não está implementado.,O suporte para leitura de rótulos de disco AIX ainda não foi implementado.,ID,LLAMA,90.42425751686096,60.6512871313049,31.912901122227073,38.46153846153847,89.48410749435425
Support for writing AIX disk labels is is not implemented yet.,O suporte para escrever etiquetas de disco AIX ainda não está implementado.,O suporte para escrita de rótulos de disco AIX ainda não foi implementado.,ID,LLAMA,90.01654386520386,68.2945379158124,39.355951621009716,30.76923076923077,94.03090476989746
Support for adding partitions to AIX disk labels is not implemented yet.,Suporte para adicionar partições a etiquetas de disco AIX ainda não está implementado.,O suporte para adicionar partições em rótulos de disco AIX ainda não foi implementado.,ID,LLAMA,90.9346878528595,71.24814106637473,36.380163164158446,28.57142857142857,91.8052077293396
Support for duplicating partitions in AIX disk labels is not implemented yet.,Suporte para duplicar partições em etiquetas de disco AIX ainda não está implementado.,O suporte para duplicar partições em rótulos de disco AIX ainda não foi implementado.,ID,LLAMA,92.73980259895325,74.55132035377025,45.07763457323718,21.428571428571427,92.82222986221313
Support for setting system type of partitions in AIX disk labels is not implemented yet.,O suporte para definir o tipo de sistema de particionamento em etiquetas do disco AIX ainda não está implementado.,O suporte para definir o tipo de sistema de partições em rótulos de disco AIX ainda não foi implementado.,ID,LLAMA,92.66192317008972,73.41423473504584,56.79161104357995,21.052631578947366,93.12050938606262
Support for setting flags in AIX disk labels is not implemented yet.,O suporte para a configuração de flags em etiquetas de disco AIX ainda não está implementado.,O suporte para definir as opções em rótulos de disco AIX não foi implementado ainda.,ID,LLAMA,88.5674774646759,50.67815857814578,16.659659447684103,60.0,89.13041353225708
Can't use Atari partition tables on disks with a sector size not equal to %d bytes.,Não podem ser utilizadas tabelas de participação Atari em discos com um tamanho de setor diferente de %d bytes.,Não é possível usar tabelas de partição Atari em discos com um tamanho de setor diferente de %d bytes.,ID,LLAMA,80.84604144096375,77.91841443257952,68.38626312597371,21.052631578947366,95.52561640739441
Unable to satisfy all constraints on the partition.,Não é possível satisfazer todas as restriÃ³es na participaÃ§Ã£o.,Não foi possível satisfazer todos as restrições na partição.,ID,LLAMA,66.33195281028748,58.29074971444202,11.044795567078939,44.44444444444444,84.96601581573486
Unable to allocate a partition number.,Não podem ser atribuídos números de participação.,Não é possível alocar um número de partição.,ID,LLAMA,66.90300107002258,31.778712395741337,6.413885305524152,75.0,79.09069061279297
Unable to allocate a bsd disklabel slot.,Não é possível alocar uma ranura na etiqueta de disco BSD.,Não foi possível alocar uma posição para rótulo de disco bsd.,ID,LLAMA,64.83373045921326,44.55897535302796,17.242221289766636,36.36363636363637,84.95866656303406
Unable to allocate a dasd disklabel slot,Não é possível alocar uma ranura na etiqueta de disco dasd.,Não foi possível alocar uma posição para rótulo de disco dasd.,ID,LLAMA,67.2841727733612,54.622944423411965,31.702331385234313,36.36363636363637,87.82578706741333
Invalid partition table on %s -- wrong signature %x.,Tabela de particionamento inválida em %s -- firma digital incorreta %x.,Tabela de partições inválida em %s -- assinatura errada %x.,ID,LLAMA,87.21897006034851,56.030431634709956,39.07380249452502,40.0,88.76074552536011
Invalid partition table - recursive partition on %s.,Tabela de particionamento inválida - partição recursiva em %s.,Tabela de partições inválida - partição recursiva em %s.,ID,LLAMA,91.53257608413696,83.78390595182054,74.19446627365011,11.11111111111111,95.84195017814636
Extended partitions cannot be hidden on msdos disk labels.,Partições estendidas não podem ser escondidas em etiquetas de disco msdos.,Partições estendidas não podem ser escondidas em rótulos de disco msdos.,ID,LLAMA,88.22770714759827,85.87543314265179,73.48889200874659,9.090909090909092,95.0229823589325
Extended partitions cannot be recovery partitions on msdos disk labels.,As parti%s de estendida nÃ£o podem ser partisi na recupera%<PRIuMAX> em etiquetas do disco msdos.,Partições estendidas não podem ser partições recuperadas em rótulos de disco msdos.,ID,LLAMA,47.61383235454559,48.04175798842754,8.794090522118719,83.33333333333334,75.4513144493103
Parted can't resize partitions managed by Windows Dynamic Disk.,Parted não pode redimensionar partições gerenciadas pelo Disco Dinâmico de Arquivos do Windows.,O Parted não pode redimensionar partições gerenciadas com o Disco Dinâmico do Windows.,ID,LLAMA,89.04171586036682,82.43229327314522,48.41524713034602,38.46153846153847,93.52694749832153
cannot create any more partitions,não é possível criar mais partições (%s),não é possível criar mais nenhuma partição,ID,LLAMA,85.93302369117737,66.76139727970293,39.281465090051306,28.57142857142857,88.25399875640869
%s has no extended partition (volume header partition).,%s não tem participação estendida (participação de cabecera do volume).,%s não possui partições estendidas (cabeçalho de volume da partição).,ID,LLAMA,63.87417912483215,37.74304543756157,14.949751774990691,70.0,86.32819652557373
"Checksum is wrong, indicating the partition table is corrupt.","A soma de comprovação é incorreta, indicando que a tabela de particionamento está corrompida.","A soma de verificação está errada, indicando que a tabela de partições está corrompida.",ID,LLAMA,85.07232666015625,65.17113931832033,45.93073632354733,28.57142857142857,91.32081866264343
Only primary partitions can be root partitions.,SÃ³lo as partições primárias podem ser particulas raiz.,Apenas partições primárias podem ser partições root.,ID,LLAMA,61.35343909263611,66.26645305102912,31.55984539112946,57.14285714285714,83.99361371994019
Only primary partitions can be swap partitions.,Só as partições primárias podem ser particções de troca.,Apenas partições primárias podem ser partições de troca (swap).,ID,LLAMA,85.73059439659119,71.71078722594282,26.581560693718632,55.55555555555556,89.41088914871216
Only logical partitions can be a boot file.,SÃ³lo as partes lógicas das parti%s podem ser um ficheiro de arranque.,Apenas partições lógicas podem ser um arquivo de inicialização.,ID,LLAMA,64.15871977806091,42.60680818286877,11.633270842295033,77.77777777777779,81.87070488929749
"failed to set dvh partition name to %s:
Only logical partitions (boot files) have a name.","falha ao estabelecer o nome da participação dvh a %s: 
Somente as partiÃ­smo lÃ³gicas (ficheiros de arranque) têm um nome.","falha ao definir nome de partição dvh para %s:
Apenas partições lógicas (arquivos de inicialização) possuem um nome.",ID,LLAMA,52.03782916069031,37.558007225887316,12.096309696629893,66.66666666666666,83.18716287612915
Too many primary partitions,Existe demasiadas particiones primarias.,Há partições primárias demais,ID,LLAMA,79.32649254798889,27.471727919702815,0.0,100.0,84.6318006515503
open error,erro de abertura,erro de abertura,ID,LLAMA,98.54777455329895,100.0,100.00000000000004,0.0,99.99999403953552
seek error,erro de busca,erro de busca,ID,LLAMA,98.53911399841309,100.0,100.00000000000004,0.0,100.00004768371582
read error,erro de leitura,erro de leitura,ID,LLAMA,98.64049553871155,100.0,100.00000000000004,0.0,100.00003576278687
ioctl() error,erro de ioctl(),erro de ioctl(),ID,LLAMA,98.15487861633301,100.0,100.00000000000004,0.0,100.00001192092896
API version mismatch,discrepância de versões da API,Versão da API não coincide,ID,LLAMA,89.80924487113953,26.471230808045654,21.3643503198117,80.0,79.4082760810852
Unsupported disk type,Tipo de disco no suportado,Tipo de disco sem suporte,ID,LLAMA,87.17095255851746,61.639907010785656,39.76353643835252,40.0,93.8208520412445
Unsupported disk format,Formato de disco não suportado,Formato de disco sem suporte,ID,LLAMA,91.77162051200867,65.0623520760872,39.76353643835252,40.0,93.57871413230896
Disk is in use,O disco está em uso.,O disco está em uso,ID,LLAMA,96.20954394340515,97.77154894343545,75.98356856515926,20.0,93.305504322052
Syntax error in config file,Erro de sintaxe no arquivo de configuração,Erro de sintaxe no arquivo de configuração,ID,LLAMA,98.12777042388916,100.0,100.00000000000004,0.0,100.00001192092896
Volume label is corrupted,A etiqueta do volume está danificada,O rótulo do volume está corrompido,ID,LLAMA,87.00451254844666,39.67292550020905,30.213753973567677,50.0,84.5474898815155
A data set name is corrupted,O nome de um conjunto de dados está danificado.,Um nome de conjunto de dados está corrompido,ID,LLAMA,89.38246369361877,60.48648602731006,31.239399369202552,37.5,86.52844429016113
Memory allocation failed,Alokasi memori gagal,Falha em alocação de memória,ID,LLAMA,72.62130379676819,10.046989649957906,0.0,100.0,74.06759262084961
Device verification failed,falha na verificação de dispositivo,Falha em verificação de dispositivo,ID,LLAMA,94.0803050994873,74.43378671548861,39.76353643835252,20.0,92.9820716381073
The specified device is not a valid DASD device,O dispositivo especificado não é um dispositivo DASD válido.,O dispositivo especificado não é um dispositivo DASD válido,ID,LLAMA,96.48793339729309,99.14024642098789,88.01117367933934,11.11111111111111,96.63287997245789
Fatal error,Erro fatal,Erro fatal,ID,LLAMA,99.19041991233826,100.0,100.00000000000004,0.0,100.00001192092896
No room for volume label.,Não há espaço para a etiqueta de volume.,Nenhum espaço para rótulo de volume.,ID,LLAMA,87.48577237129211,52.69857719680665,22.31618068926665,66.66666666666666,78.64564657211304
No room for partition info.,Não há espaço para a informação de particionamento.,Nenhum espaço para informações de partição.,ID,LLAMA,79.59830164909363,50.32859797944842,11.339582221952005,83.33333333333334,86.43250465393066
Invalid VTOC.,VTOC invÃ¡lido.,VTOC inválido.,ID,LLAMA,81.89630508422852,54.718319823777286,34.66806371753173,50.0,75.17727017402649
Could not retrieve API version.,não foi possível obter a versÃ£o da API.,Não foi possível recuperar versão API.,ID,LLAMA,81.97632431983948,46.94391644569623,13.485111859503691,66.66666666666666,80.85234761238098
The current API version '%d' doesn't match dasd driver API version '%d'!,"Â¡A versão da API atual '%d' não corresponde à versão da API do controlador das dados!
","A versão ""%d"" da API atual não coincide com a versão ""%d"" da API da controladora dasd!",ID,LLAMA,85.03995537757874,44.87221923827806,8.661359017481354,64.70588235294117,84.16354656219482
Could not retrieve disk size.,Não foi possível recuperar o tamanho do disco.,Não foi possível recuperar tamanho de disco.,ID,LLAMA,94.8398768901825,79.23652517317976,36.88939732334405,28.57142857142857,94.06493902206421
Could not retrieve disk geometry information.,Não foi possível recuperar as informações da geometria do disco.,Não foi possível recuperar informações sobre a geometria do disco.,ID,LLAMA,94.80388164520264,79.47943882727833,48.326978309062206,30.0,96.53440117835999
Could not retrieve blocksize information.,Não foi possível recuperar a informação do tamanho dos blocos.,Não foi possível recuperar informações de tamanho do bloco.,ID,LLAMA,93.72790455818176,66.76981004991772,26.985534666825092,55.55555555555556,91.52444005012512
device is too small for GPT,o dispositivo é muito pequeno para GPT.,dispositivo é muito pequeno para GPT,ID,LLAMA,96.55337929725647,97.43539696733619,68.037493331712,33.33333333333333,92.09312200546265
"The format of the GPT partition table is version %x, which is newer than what Parted can recognise.  Please report this!","O formato de tabela de particionamento GPT é a versÃ£o %x, que é mais recente do que o reconhecido por Parted. Por favor, relâmen-lo!","A versão do formato da tabela de partição GPT é %x, que é mais recente do que o Parted pode reconhecer. Por favor, nos relate isso!",ID,LLAMA,72.24333882331848,59.11579143175486,42.066337360160276,46.15384615384615,85.39803624153137
"Not all of the space available to %s appears to be used, you can fix the GPT to use all of the space (an extra %llu blocks) or continue with the current setting? ","Parece que no se estÃ¡ utilizando todo o espaço disponível em %s, pode corrigir a GPT para usar todo o espaço (extra %llu bloques) ou Â¿desea continuar com a configuraciÃ³n atual? ","Parece que não está sendo usado todo o espaço disponível em %s, você pode corrigir a GPT para usar todo seu espaço (uns %llu blocos adicionais) ou continuar com a configuração atual? ",ID,LLAMA,78.24578881263733,65.40722403113497,43.01822238723205,34.375,87.48040199279785
"The backup GPT table is not at the end of the disk, as it should be.  Fix, by moving the backup to the end (and removing the old backup)?","A tabel GPT de backup não está no final do disco, como deve estar. Corrigir isso movendo o backup para o final (e removendo os backups antigos)?","A cópia da tabela GPT não está no fim do disco, como deveria estar. Corrija-a, movendo a cópia para o fim do disco (e removendo a cópia antiga)?",ID,LLAMA,78.51594090461731,48.42020377476635,16.18274764491393,57.14285714285714,86.98203563690186
"Both the primary and backup GPT tables are corrupt.  Try making a fresh table, and using Parted's rescue feature to recover partitions.","A tabel primária e a cópia de backup GPT estão corrompidas. Tente criar uma nova tabela, e use o recurso de recuperação do Parted para reestruturar as partições.","Tanto a tabela GPT primária quanto a sua cópia estão corrompidas. Tente fazer uma nova tabela, usando os recursos de recuperação do Parted para recuperar partições.",ID,LLAMA,87.10026144981384,60.40042115562405,29.669917239896783,53.84615384615385,91.91576838493347
"The backup GPT table is corrupt, but the primary appears OK, so that will be used.","A tabel GPT de backup foi adicionada, mas a primária parece correta, portanto será utilizada esta.","A cópia da tabela GPT está corrompida, mas a tabela primária aparece estar OK, então esta será usada.",ID,LLAMA,73.6906111240387,35.72050955774026,9.165075329374234,77.77777777777779,83.15402269363403
"The primary GPT table is corrupt, but the backup appears OK, so that will be used.","A tabel primária GPT está corrompida, mas a cópia de segurança parece correta, portanto será utilizada.","A tabela GPT primária está corrompida, mas a cópia da tabela aparece estar OK, então esta será usada.",ID,LLAMA,84.9610447883606,51.23041298173527,26.69741195693387,55.55555555555556,89.20526504516602
primary partition table array CRC mismatch,discrepância de CRC da tabela de particionamento primários,CRC do conjunto de tabela de partição primária não coincide,ID,LLAMA,68.2134747505188,40.53673232098168,10.229197414177778,80.0,78.97113561630249
failed to translate partition name,falha ao traduzir o nome da participação,falha ao traduzir nome de partição,ID,LLAMA,82.5325071811676,62.471007018434,26.269098944241588,50.0,89.6049439907074
Invalid signature %x for Mac disk labels.,Firma invÃ¡lida %x para etiquetas de discos Mac.,Assinatura inválida %x para rótulos de disco Mac.,ID,LLAMA,68.81858110427856,44.770375229979905,20.556680845025987,50.0,81.07860088348389
Partition map has no partition map entry!,A tabela de particionamento não tem uma entrada na tabela de particionamento!,O mapa de partições não tem nenhuma entrada!,ID,LLAMA,69.8488712310791,41.16311628420819,7.768562846380176,100.0,84.41767692565918
%s is too small for a Mac disk label!,¡%s! es demasiado pequeÃ±o para una etiqueta de disco Mac!,%s é muito pequeno para um rótulo de disco Mac!,ID,LLAMA,84.30741429328918,41.947753128699574,21.97281387499715,60.0,81.48797154426575
Partition %d has an invalid signature %x.,A participa%d tem uma assinatura inv%x.,A partição %d tem uma assinatura inválida %x.,ID,LLAMA,51.656943559646606,60.0735125308937,48.326978309062206,50.0,89.740651845932
Partition %d has an invalid length of 0 bytes!,A participÃ¡ncia %d tem uma longitud invÃ¡lida de 0 bytes!,A partição %d tem um tamanho inválido de 0 bytes!,ID,LLAMA,80.3862988948822,46.83941550306654,31.702331385234313,40.0,83.51845145225525
The data region doesn't start at the start of the partition.,A região de dados não começa no início da participação.,A região de dados não começa no início da partição.,ID,LLAMA,76.88738107681274,90.43226017365514,80.70557274927978,10.0,94.70152258872986
The partition's boot region doesn't occupy the entire partition.,A região de arranque da participação não ocupa toda a participação.,A região de inicialização da partição não a ocupa inteiramente.,ID,LLAMA,58.89466404914856,42.27388187588842,16.108992769687397,50.0,86.27837300300598
The partition's data region doesn't occupy the entire partition.,A região de dados da participação não ocupa toda a participação.,A região de dados da partição não a ocupa inteiramente.,ID,LLAMA,62.953120470047,57.53736312548199,36.72056269893593,40.0,88.48401308059692
Weird block size on device descriptor: %d bytes is not divisible by 512.,Tamanho do bloco extra em descreveedor de dispositivo é %d bytes e não pode ser dividido por 512.,tamanho de bloco estranho no descritor de dispositivo: %d bytes não são divisíveis por 512.,ID,LLAMA,73.04776906967163,47.98908724659582,14.400124446705304,66.66666666666666,83.59325528144836
"The driver descriptor says the physical block size is %d bytes, but Linux says it is %d bytes.","O descrevedor do controlador diz que o tamanho do bloco físico é de %d bytes, mas Linux diz que é de %d byte.","O descritor da controladora (driver) informa que o tamanho físico de bloco é %d bytes, mas o Linux informa que é %d bytes.",ID,LLAMA,82.91130065917969,49.30420167327752,21.52490986255638,52.17391304347826,91.85119271278381
No valid partition map found.,Encontrou uma tabela de particionamento inválida.,Nenhum mapa de partições válido foi encontrado.,ID,LLAMA,78.58526110649109,30.033551898736178,6.770186228657864,100.0,77.36403942108154
"Conflicting partition map entry sizes!  Entry 1 says it is %d, but entry %d says it is %d!","Â¡Conflicto no tamanho da entrada na partição do sistema de particípio! A entrada 1 diz que é %d, mas a entrada %d diz que é %d!","Conflito nos tamanhos de entrada do mapa de partições!  A entrada 1 diz que é %d, mas a entrada %d diz que é %d!",ID,LLAMA,76.49827003479004,71.81604476497003,66.04031021992535,33.33333333333333,90.71066379547119
Weird!  There are 2 partitions map entries!,Atenção! Existem 2 entradas de tabela de particionamento!,Que estranho! Há 2 entradas no mapa de partições!,ID,LLAMA,81.02430701255798,34.23438230120768,9.548450962056531,66.66666666666666,83.36009383201599
Changing the name of a root or swap partition will prevent Linux from recognising it as such.,Cambiar o nome de uma partição raiz ou de troca impedirá que Linux a reconheça como tal.,Mudar o nome de uma partição root ou swap irá impedir o Linux de reconhecê-la como tal.,ID,LLAMA,90.14076590538025,54.86848178662861,29.11892337378931,47.05882352941176,86.6869568824768
Can't add another partition -- the partition map is too small!,Não é possível adicionar outra participação -- a tabela de particionamento está muito pequena!,Não é possível adicionar outra partição -- o mapa de partições é muito pequeno!,ID,LLAMA,78.81441712379456,64.46060636994429,28.495577603220287,42.857142857142854,90.52568078041077
Invalid partition table on %s.,Tabela de particionamento inválida em %s.,Tabela de partições inválida em %s.,ID,LLAMA,90.99649786949158,74.0839105491335,59.4603557501361,16.666666666666664,94.39806342124939
Partition %d isn't aligned to cylinder boundaries.  This is still unsupported.,A participÃ£o %d não estÃ¡ alinhada aos limites do cilindro. Necessita de ser apoiada.,A partição %d não está alinhada aos limites do cilindro.  Isto ainda não é suportado.,ID,LLAMA,63.02846074104309,56.23398801412913,35.55508425572383,46.666666666666664,83.66714119911194
Can't add another partition.,Não é possível adicionar outra participação.,Não posso adicionar outra partição.,ID,LLAMA,76.93299651145935,61.754224220485746,15.619699684601283,60.0,85.65483093261719
partition length of %jd sectors exceeds the %s-partition-table-imposed maximum of %jd,"o tamanho de participação dos %jd sectores excede o máximo especificado na tabela de particionamento %s, no total de %jd",tamanho de partição de %1$jd setores excede o máximo de %3$jd do imposto pela tabela de partições %2$s,ID,LLAMA,64.85501527786255,50.09320371676607,9.551793778085061,77.77777777777779,79.39395904541016
"starting sector number, %jd exceeds the %s-partition-table-imposed maximum of %jd","o número de sector inicial, %jd excede o máximo especificado na tabela de particionamento %s de %jd",número do setor inicial %1$jd excede o máximo de %3$jd do imposto pela tabela de partições %2$s,ID,LLAMA,66.54642224311829,49.246948839788715,13.925465181401863,76.47058823529412,80.07367849349976
%s : Bad checksum on block %llu of type %s.,%s : ComprovaÃ§Ã£o mala em um bloco %llu de tipo %s.,%s : Soma de verificação ruim no bloco %llu do tipo %s.,ID,LLAMA,72.70961403846741,41.926000463268835,29.13055375496153,50.0,84.29242372512817
"%s : Didn't find rdb block, should never happen.","%s : Não encontra o bloco rdb, se não for isso que deveria nunca acontecer.","%s: Bloco rdb não encontrado, isto nunca deveria acontecer.",ID,LLAMA,70.93999981880188,52.463144751463794,11.954726580677509,100.0,88.95819187164307
%s : Loop detected at block %d.,%s : Loop detectado no bloco %d.,%s : Loop detectado no bloco %d.,ID,LLAMA,97.56736755371094,100.0,100.00000000000004,0.0,100.00002384185791
%s : The %s list seems bad at block %s.,%s : A lista %s parece mal organizada no bloco %s.,%s : A lista %s parece ruim no bloco %s.,ID,LLAMA,88.57472538948059,77.01372726376478,72.41577342575832,20.0,96.74795269966125
%s : Failed to list bad blocks.,%s : Gagal para inscrever bloco corrompido.,%s : Falha ao listar blocos defeituosos.,ID,LLAMA,43.89581382274628,25.049624859776614,19.070828081828378,71.42857142857143,83.35105776786804
%s : Failed to list partition blocks.,%s : Falha ao listar blocos de participação.,%s : Falha ao listar blocos de partições.,ID,LLAMA,84.4769835472107,83.59538466950163,78.25422900366438,12.5,95.1256513595581
%s : Failed to list file system blocks.,%s : Falha ao adicionar blocos do sistema de arquivos.,%s : Falha ao listar blocos de sistemas de arquivo.,ID,LLAMA,87.24527955055237,60.06526791735322,35.65506208559251,40.0,92.84229874610901
%s : Failed to list boot blocks.,%s : Gagal para listar blocos de inicialização.,%s : Falha ao listar blocos de inicialização.,ID,LLAMA,73.66986870765686,75.18853940645694,52.53819788848316,25.0,91.99575781822205
Failed to write partition block at %d.,falha ao escrever bloco de participação em %d.,Falha ao escrever bloco de partição em %d.,ID,LLAMA,62.05211877822876,82.65800776347322,52.53819788848316,12.5,91.29182696342468
Corrupted Sun disk label detected.,Uma etiqueta de disco Sun foi detectada como corrompida.,Um rótulo de disco Sun corrompido foi detectado.,ID,LLAMA,89.68263268470764,54.17020088070993,17.747405280050266,75.0,85.74764132499695
"The disk CHS geometry (%d,%d,%d) reported by the operating system does not match the geometry stored on the disk label (%d,%d,%d).","A geometria de disco CHS (%d,%d,%d) informada pelo sistema operacional não parece coincidir com a geometria guardada no label do disco (%d,%d,%d).","A geometria CHS do disco (%d,%d,%d) informada pelo sistema operacional não coincide com a geometria gravada no rótulo de disco (%d,%d,%d).",ID,LLAMA,90.56175947189331,75.60572984696378,70.79431829810804,33.33333333333333,94.68963146209717
The disk label describes a disk bigger than %s.,A etiqueta de disco descreve um disco maior que %s.,O rótulo de disco descreve um disco maior que %s.,ID,LLAMA,85.8297348022461,81.17922547272607,80.70557274927978,20.0,91.84505343437195
"The disk has %d cylinders, which is greater than the maximum of 65536.","O disco possui %d cilindros, que são maiores do que o máximo de 65536.","O disco possui %d cilindros, número que é maior que o máximo de 65536.",ID,LLAMA,83.53964686393738,75.52997757150489,64.1975224568211,28.57142857142857,95.15923261642456
"The Whole Disk partition is the only available one left.  Generally, it is not a good idea to overwrite this partition with a real one.  Solaris may not be able to boot without it, and SILO (the sparc boot loader) appreciates it as well.","A participação Entera do Disco é a única que resta disponível. Geralmente, não é uma boa ideia sobrescrever essa partição com uma verdadeira. Solaris pode não ser iniciado sem ela e o SILO (carregador de inicialização para SPARC) também lhe agradece.","A partição inteira do disco é a única disponível à esquerda.  Geralmente não é uma boa ideia sobrescrever esta partição com uma real.  O Solaris pode não ser capaz de inicializar sem isto, e o SILO (o carregador de inicialização sparc) utiliza também.",ID,LLAMA,61.62264347076416,62.07135126480116,28.537616122379582,44.18604651162791,86.91891431808472
Sun disk label is full.,A etiqueta de disco Sun está cheia.,O rótulo de disco Sun está cheio.,ID,LLAMA,78.51186394691467,61.10147995588348,36.55552228545123,42.857142857142854,87.77059316635132
opening of device failed,falha na abertura do dispositivo,falha ao abrir dispositivo,ID,LLAMA,94.71793174743652,47.82625870038404,12.703318703865365,75.0,87.82920241355896
seeking on device failed,a búqueda falhou no dispositivo,falha ao buscar em dispositivo,ID,LLAMA,56.500810384750366,36.97831535522428,10.682175159905848,80.0,77.30885744094849
writing to device failed,a escritura caiu no dispositivo.,falha ao escrever em dispositivo,ID,LLAMA,66.66556000709534,34.058099439877004,8.116697886877475,100.0,77.1479070186615
reading from device failed,falha na leitura do dispositivo,falha ao ler de dispositivo,ID,LLAMA,88.2552444934845,46.733680042286906,12.703318703865365,60.0,88.29914927482605
Could not read volume label.,Não foi possível ler a etiqueta de volume.,Não foi possível ler o rótulo do volume.,ID,LLAMA,85.86861491203308,61.510968329817516,35.49481056010054,37.5,90.43395519256592
Could not write volume label.,não foi possível escrever a etiqueta de volume.,Não foi possível escrever o rótulo do volume.,ID,LLAMA,81.13266825675964,60.43167045492708,22.31618068926665,37.5,88.57700228691101
Could not read VTOC labels.,Não foi possível ler as etiquetas VTOC.,Não foi possível ler rótulos VTOC.,ID,LLAMA,91.98139309883118,68.37544006995027,41.11336169005198,33.33333333333333,91.57116413116455
Could not read VTOC FMT1 DSCB.,Não foi possível ler o VTOC FMT1 DSCB.,Não foi possível ler VTOC FMT1 DSCB.,ID,LLAMA,93.42506527900696,90.00903120262232,59.694917920196445,14.285714285714285,98.13675880432129
Could not read VTOC FMT4 DSCB.,Não foi possível ler o VTOC FMT4 DSCB.,Não foi possível ler VTOC FMT4 DSCB.,ID,LLAMA,93.58450770378113,90.00903120262232,59.694917920196445,14.285714285714285,98.1856107711792
Could not read VTOC FMT5 DSCB.,Não foi possível ler o VTOC FMT5 DSCB.,Não foi possível ler VTOC FMT5 DSCB.,ID,LLAMA,92.53345131874084,90.00903120262232,59.694917920196445,14.285714285714285,98.16768169403076
Could not read VTOC FMT7 DSCB.,Não foi possível ler VTOC FMT7 DSCB.,Não foi possível ler VTOC FMT7 DSCB.,ID,LLAMA,96.64967656135559,100.0,100.00000000000004,0.0,100.0
Could not write VTOC labels.,Não foi possível escrever as etiquetas VTOC.,Não foi possível escrever rótulos VTOC.,ID,LLAMA,88.08316588401794,72.33575954657935,41.11336169005198,33.33333333333333,91.56348705291748
Could not write VTOC FMT1 DSCB.,Não foi possível escrever VTOC FMT1 DSCB.,Não foi possível escrever VTOC FMT1 DSCB.,ID,LLAMA,96.643728017807,100.0,100.00000000000004,0.0,100.0
Could not write VTOC FMT4 DSCB.,Não foi possível escrever VTOC FMT4 DSCB.,Não foi possível escrever VTOC FMT4 DSCB.,ID,LLAMA,96.74234986305237,100.0,100.00000000000004,0.0,100.0
Could not write VTOC FMT5 DSCB.,Não foi possível escrever VTOC FMT5 DSCB.,Não foi possível escrever VTOC FMT5 DSCB.,ID,LLAMA,96.47771120071411,100.0,100.00000000000004,0.0,100.0
Could not write VTOC FMT7 DSCB.,Não foi possível escrever VTOC FMT7 DSCB.,Não foi possível escrever VTOC FMT7 DSCB.,ID,LLAMA,96.46755456924438,100.0,100.00000000000004,0.0,100.0
Could not write VTOC FMT9 DSCB.,Não foi possível escrever VTOC FMT9 DSCB.,Não foi possível escrever VTOC FMT9 DSCB.,ID,LLAMA,96.69939875602722,100.0,100.00000000000004,0.0,100.00002384185791
Out of memory.,Não há memória.,Memória insuficiente.,ID,LLAMA,69.58704590797424,20.46502168197682,15.97357760615681,100.0,74.04495477676392
Cannot get unit size for special unit 'COMPACT'.,Não é possível obter o tamanho unitário para a unidade especial 'COMPACT'.,"Não foi possível obter o tamanho da unidade para a unidade especial ""COMPACT"".",ID,LLAMA,92.01253056526184,65.97020629991529,32.46827270101123,30.76923076923077,95.19878625869751
"""%s"" has invalid syntax for locations.",%s,"""%s"" possui sintaxe inválida para localizações.",ID,LLAMA,44.380372762680054,2.230215827338129,1.8315638888734187,100.0,71.81324362754822
The maximum head value is %d.,O valor mÃ¡ximo do cabeçalho é %d.,O valor máximo do cabeçalho é %d.,ID,LLAMA,84.3964695930481,83.21954999713415,66.06328636027612,14.285714285714285,89.7114098072052
The maximum sector value is %d.,O valor mÃ¡ximo do sector é %d.,O valor máximo do setor é %d.,ID,LLAMA,89.53970074653625,65.61357240515385,36.88939732334405,28.57142857142857,86.97438836097717
The location %s is outside of the device %s.,A localizaciÃ³n %s estÃ¡ fora do dispositivo %s.,A localização %s está para fora do dispositivo %s.,ID,LLAMA,88.23117017745972,65.88907213100475,48.83499409416458,33.33333333333333,84.03111696243286
Invalid number.,Número inválido.,Número inválido.,ID,LLAMA,98.81808161735535,100.0,100.00000000000004,0.0,99.99998807907104
Use a smaller unit instead of a value < 1,Use uma unidade menor em vez de um valor < 1,Use uma unidade menor ao invés de usar um valor < 1,ID,LLAMA,95.14347314834595,63.680926091385295,44.12739850976206,25.0,91.66043996810913
"%s : Failed to allocate partition block
",%s : Gagal untuk mengalokasikan blok partisi,"%s : Falha ao alocar bloco de partição
",ID,LLAMA,70.93924880027771,23.41533882919011,18.141207173155518,75.0,81.34315013885498
"%s : Failed to allocate block
","%s : Gagal untuk mengalokasikan blok
","%s : Falha ao alocar bloco
",ID,LLAMA,78.58200669288635,23.057157150624267,24.446151121745054,66.66666666666666,83.86080265045166
"%s : Couldn't read boot block %llu
",%s : Não foi possível ler o bloco de inicialização %llu,"%s : Não foi possível ler o bloco de inicialização %llu
",ID,LLAMA,97.82140851020813,100.0,100.00000000000004,0.0,100.0
"%s : Couldn't read root block %llu
","%s : Não foi possível ler o bloco raiz %llu
","%s : Não foi possível ler o bloco root %llu
",ID,LLAMA,84.32113528251648,83.76112548429727,76.91605673134588,10.0,94.85554099082947
"%s : Failed to allocate id list element
",%s : Gagal mengalokasikan elemen senarai id,"%s : Falha ao alocar id de elemento de lista
",ID,LLAMA,76.90975069999695,25.389385195514468,15.181939159382823,80.0,75.80928206443787
"%s : Couldn't read block %llu
",%s : Não foi possível ler o bloco %llu,"%s : Não foi possível ler o bloco %llu
",ID,LLAMA,97.80814051628113,100.0,100.00000000000004,0.0,100.00001192092896
"%s : Bad checksum on block %llu of type %s
","%s : Checksum malicioso no bloco %llu de tipo %s
","%s : Soma de verificação ruim no bloco %llu do tipo %s
",ID,LLAMA,71.4776337146759,46.15613843377629,31.382954168146803,41.66666666666667,85.01089215278625
"%s : Couldn't write block %d
","%s : Não foi possível escrever o bloco %d
","%s : Não foi possível escrever bloco %d
",ID,LLAMA,96.36853337287903,91.04698716891465,70.16879391277372,12.5,97.7071762084961
"%s : Failed to allocate disk_specific rdb block
",%s : Gagal para alocar bloco rdb específico do disco_specific,"%s : Falha ao alocar bloco rdb de disco_específico
",ID,LLAMA,62.782782316207886,57.46654776555006,22.62944003945279,55.55555555555556,89.63115811347961
"%s : Didn't find rdb block, should never happen
","%s : Não encontra o bloco rdb, se não fosse por um bug no sistema, nunca deveria acontecer","%s : Não foi encontrado bloco rdb, isto nunca deveria acontecer
",ID,LLAMA,80.06619811058044,66.09510841480137,21.01215804453097,90.9090909090909,88.24738264083862
"%s : Failed to read partition block %llu
","%s : Falha ao escrever bloco de participação %llu
","%s : Falha ao ler bloco de partição %llu
",ID,LLAMA,76.37379765510559,73.70340111102823,44.97332084013507,22.22222222222222,95.02135515213013
GNU Parted was miscompiled: the FAT boot sector should be 512 bytes.  FAT support will be disabled.,GNU parted foi mal compilado: o setor de inicialização FAT deve ser de 512 bytes. O suporte a FAT será desabilitado.,O GNU Parted não foi mal compilado: o setor de boot FAT deveria ser de 512 bytes.  O suporte a FAT será desabilitado.,ID,LLAMA,88.40771317481995,76.87327019857209,66.50269368620378,17.391304347826086,96.22421264648438
File system has an invalid signature for a FAT file system.,O sistema de fichiers possui uma assinatura inválida para um sistema de fichiers FAT.,O sistema de arquivos tem uma assinatura inválida para um FAT.,ID,LLAMA,83.2337498664856,68.36320642946352,36.15855225145533,45.45454545454545,91.54062271118164
File system has an invalid sector size for a FAT file system.,O sistema de fichiers possui um tamanho do setor inválido para o sistema de fichiers FAT.,O sistema de arquivos tem um tamanho de setor inválido para um FAT.,ID,LLAMA,79.92559671401978,60.33573024719851,18.436943899116642,53.84615384615385,90.04353880882263
File system has an invalid cluster size for a FAT file system.,O sistema de fichiers tem um tamanho cluster inválido para o sistema de fichiers FAT.,O sistema de arquivos tem um tamanho de cluster inválido para um FAT.,ID,LLAMA,81.73487782478333,65.9773120787996,23.17511932071925,38.46153846153847,89.66066241264343
File system has an invalid number of reserved sectors for a FAT file system.,O sistema de fichiers possui um número inválido de setores reservados para o sistema de fichiers FAT.,O sistema de arquivos tem um número inválido de setores reservados à sistemas de arquivo FAT.,ID,LLAMA,87.58276700973511,62.64280334646221,37.42031646082126,37.5,92.43314862251282
File system has an invalid number of FATs.,O sistema de fichiers tem um número inválido de FATs.,O sistema de arquivos tem um número inválido de FATs.,ID,LLAMA,92.48441457748413,79.60659466030282,70.16879391277372,10.0,94.28182244300842
"The file system's CHS geometry is (%d, %d, %d), which is invalid.  The partition table's CHS geometry is (%d, %d, %d).","A geometria CHS do sistema de arquivos é (%d, %d, %d), e está inválida. A geometria CHS da tabela de particionamento é (%d, %d, %d).","A geometria CHS do sistema de arquivos é (%d, %d, %d), que é inválida. A geometria CHS da tabela de partições é (%d, %d, %d).",ID,LLAMA,90.70150256156921,86.45632740834537,84.81274884140932,12.0,97.44172692298889
FAT boot sector says logical sector size is 0.  This is weird. ,O sector de inicialização do FAT informa que o tamanho lógico do seu setor é zero. Isso não faz sentido.,O setor de inicialização FAT diz que o tamanho lógico do setor é 0. Estranho. ,ID,LLAMA,87.3342514038086,61.145020131342186,22.722445488928138,60.0,87.1377944946289
FAT boot sector says there are no FAT tables.  This is weird. ,O sector de arranque da FAT diz que não há tabelas FAT. Isso é extraordinário.,O setor de inicialização FAT diz que não há tabelas FAT. Estranho. ,ID,LLAMA,74.86514449119568,56.26511407059633,44.844165354587744,50.0,86.63093447685242
FAT boot sector says clusters are 0 sectors.  This is weird. ,O sector de arranque da FAT diz que os clusters possuem 0 sectors. Isso é extraordinário.,O setor de inicialização FAT diz que os clusters têm 0 setores. Estranho. ,ID,LLAMA,81.10746741294861,43.987506345459956,23.909453161355017,61.53846153846154,85.0855827331543
"File system is FAT12, which is unsupported.","O sistema de fichiers é FAT12, que não está suportado.","O sistema de arquivos é FAT12, ao que não há suporte.",ID,LLAMA,89.62135314941406,54.18163269043801,22.82484365812206,36.36363636363637,89.57064747810364
Unrecognised old style linux swap signature '%10s'.,Participação no estilo antigo do intercâmbio de Linux '%10s' não reconhecida.,Assinatura linux swap estilo antigo não reconhecido '%10s'.,ID,LLAMA,68.1531012058258,45.18794625545352,14.458924666162856,100.0,79.50842380523682
Unrecognised new style linux swap signature '%10s'.,Firma estilo novo de participação no intercâmbio de Linux '%10s' não reconhecida.,Assinatura linux swap estilo novo não reconhecido '%10s'.,ID,LLAMA,67.28644967079163,42.64443620930663,13.380161378318954,100.0,78.87314558029175
Unrecognised swsusp linux swap signature '%9s'.,Firma swsusp de la particiÃ³n de intercambio de linux '%10s' no reconocida.,Assinatura linux swap swsusp não reconhecido '%9s'.,ID,LLAMA,68.03748607635498,25.909166670312807,6.608973813188645,100.0,79.45424914360046
Parted can't use HFS file systems on disks with a sector size not equal to %d bytes.,O Parted não pode usar sistemas de arquivos HFS em discos com tamanho do setor diferente de %d bytes.,O Parted não pode utilizar sistemas de arquivos HFS em discos com um tamanho de setor diferente de %d bytes.,ID,LLAMA,90.18799662590027,82.97897598430825,64.87354270629037,15.0,98.60674738883972
"The file system's CHS geometry is (%d, %d, %d), which is invalid.  The partition table's CHS geometry is (%d, %d, %d).  If you select Ignore, the file system's CHS geometry will be left unchanged.  If you select Fix, the file system's CHS geometry will be set to match the partition table's CHS geometry.","A geometria CHS do sistema de arquivos é (%d, %d, %d), e esta inválida. A geometria CHS da tabela de particionamento é (%d, %d, %d). Se optar por Descartar, a geometria CHS do sistema de arquivos permanecerá inalterada. Se optar por Arreglar, a geometria CHS do sistema de arquivos será reajustada para coincidir com a geometria CHS da tabela de particionamento.","A geometria CHS do sistema de arquivos é (%d, %d, %d), que é inválida.  A geometria CHS da tabela de partições é (%d, %d, %d).  Se você selecionar Ignorar, a geometria CHS do sistema de arquivos permanecerá inalterada.  Se você selecionar Arrumar, a geometria CHS do sistema de arquivos será definida para coincidir com a geometria CHS da tabela de partições.",ID,LLAMA,83.35380554199219,79.96011162679974,75.58984026314006,18.0327868852459,94.1407322883606
"The information sector has the wrong signature (%x).  Select cancel for now, and send in a bug report.  If you're desperate, it's probably safe to ignore.","O sector de informÃ¡ciõo tem uma assinatura (%x) incorreta. Por enquanto, selecione cancelar e envie um relato do bug. Se estiver desesperado, pode ser mais seguro descartá-lo.","O setor de informações tem uma assinatura inválida (%x). Selecione cancelar agora, e mande um relatório de erro. Se você está desesperado, é provável que seja seguro ignorar.",ID,LLAMA,65.76346755027771,44.439024563698425,13.140176203149412,64.28571428571429,82.19091892242432
"You need %s of free disk space to shrink this partition to this size.  Currently, only %s is free.","Necessita %s de espacio disco livre para reduzir esta participação a este tamanho. Atualmente, somente %s estÃ£o livres.","Você precisa de %s de espaço livre em disco para diminuir esta partição a este tamanho. Atualmente, apenas %s estão livres.",ID,LLAMA,81.03482723236084,56.675545172944155,28.294277871789685,47.61904761904761,85.32289266586304
"Cluster start delta = %d, which is not a multiple of the cluster size %d.","Delta inicial do cluster = %d, que não é múltiplo do tamanho do cluster %d.","O cluster inicia em delta = %d, que não é um múltiplo do tamanho de cluster %d.",ID,LLAMA,80.61140179634094,66.39930565050443,46.45388310348301,41.17647058823529,92.21043586730957
Bad directory entry for %s: first cluster is the end of file marker.,Entrada de diretório incorreta para %s: o primeiro cluster é a marca final do arquivo.,Entrada de diretório inválida para %s: o primeiro cluster é o fim do marcador de arquivo.,ID,LLAMA,78.4575343132019,68.19152279482739,48.077113118585096,37.5,94.2768931388855
Bad FAT: unterminated chain for %s.  You should run dosfsck or scandisk.,FAT incorretoa: cadeia não termina para %s. DeverÃ­a executar dosfck ou scandisck.,FAT ruim: cadeia não terminada para %s. Você deveria rodar o dosfsck ou o scandisk.,ID,LLAMA,61.18398308753967,46.37759277716849,20.06882481747845,60.0,85.6187641620636
Bad FAT: cluster %d outside file system in chain for %s.  You should run dosfsck or scandisk.,FAT incorreta: o cluster %d está fora do sistema de arquivos em sequência para %s. Deve executar doskick ou scandisk.,FAT ruim: cluster %d fora do sistema de arquivos na cadeia para %s.  Você deveria rodar o dosfsck ou o scandisk.,ID,LLAMA,79.43952679634094,53.25815227061549,30.880834756422622,47.61904761904761,87.70316243171692
Bad FAT: cluster %d is cross-linked for %s.  You should run dosfsck or scandisk.,FAT incorreto: o cluster %d possui emendas cruzadas para %s. Deve executar doisfsck ou scandisck.,FAT ruim: o cluster %d tem uma referência cruzada para %s. Você deveria rodar o dosfsck ou o scandisk.,ID,LLAMA,74.03832077980042,41.10281358044727,26.415417801170204,63.1578947368421,88.50827813148499
"%s is %dk, but it has %d clusters (%dk).","%s é de %dk, mas tem %d clusters (%dk).","%s é %dk, mas ele tem %d clusters (%dk).",ID,LLAMA,94.28847432136536,77.14514189367823,71.05477917053867,22.22222222222222,96.25650644302368
Partition too big/small for a %s file system.,ParticiÃ£o demasiado grande/pequÃ­a para um sistema de fichiers %s.,Partição muito grande/pequena para um sistema de arquivos %s.,ID,LLAMA,65.34510850906372,53.82786983405048,31.170906522700683,44.44444444444444,83.97529721260071
"The FATs don't match.  If you don't know what this means, then select cancel, run scandisk on the file system, and then come back.","As FATs não são idênticas. Se você não sabe o que isso significa, selecione cancelar, execute scandisk no sistema de arquivos e depois volte.","As FATs não estão iguais. Se você não sabe o que isto significa, selecione cancelar, execute o scandisk no sistema de arquivos, depois volte.",ID,LLAMA,91.55704379081726,80.34138615336994,56.424087159184374,25.0,96.56522274017334
There are no possible configurations for this FAT type.,Não há configurações possíveis para este tipo de FAT.,Não há configurações possíveis para este tipo de FAT.,ID,LLAMA,98.09832572937012,100.0,100.00000000000004,0.0,99.99999403953552
File system doesn't have expected sizes for Windows to like it.  Cluster size is %dk (%dk expected); number of clusters is %d (%d expected); size of FATs is %d sectors (%d expected).,O sistema de fichiers não possui os tamanhos esperados para que sejam utilizados pelo Windows. O tamanho do cluster é %dk (esperado %dk); o número de clusters é de %d (esperado %d); o tamanho da FAT é de %d sectores (esperado %d).,O sistema de arquivos não tem o tamanho esperado para que o Windows utilize. O tamanho do cluster é %dk (%dk esperado); número de clusters é %d (%d esperado); tamanho da FAT é %d setores (%d esperado).,ID,LLAMA,83.95007848739624,63.08209112568208,33.741186386638596,54.054054054054056,91.36238694190979
"File system is reporting the free space as %d clusters, not %d clusters.","O sistema de fichiers está informando que o espaço livre dos clusters é de %d, e não de %d cluster.","O sistema de arquivos está reportando que o espaço livre é %d clusters, não %d clusters.",ID,LLAMA,80.40882349014282,56.7905007972913,19.342909091466392,56.25,88.10433745384216
"There's not enough room in the root directory for all of the files.  Either cancel, or ignore to lose the files.","Não há espaço suficiente no diretório raiz para todos os arquivos. Pode cancelar ou descartá-los, perdendo assim seus arquivos.","Não há espaço suficiente no diretório raiz para todos os arquivos.  Cancele, ou ignore para perder os arquivos.",ID,LLAMA,84.45727229118347,71.84970355464142,56.01180155731479,33.33333333333333,88.74414563179016
Error writing to the root directory.,Erro ao escrever no diretório raiz.,Erro ao escrever no diretório raiz.,ID,LLAMA,95.8954393863678,100.0,100.00000000000004,0.0,99.99999403953552
"If you leave your file system as FAT16, then you will have no problems.","Se você deixar seu sistema de fichiers como FAT16, não terá problemas.","Se você deixar seu sistema de arquivos como FAT16, não haverá nenhum problema.",ID,LLAMA,91.5573239326477,65.0439363651633,50.698033524721,30.76923076923077,92.54669547080994
"If you convert to FAT16, and MS Windows is installed on this partition, then you must re-install the MS Windows boot loader.  If you want to do this, you should consult the Parted manual (or your distribution's manual).","Se converter para FAT16 e se MS Windows estiver instalado nesta partição, então deverá reinstalar o carregador de inicialização do sistema operacional Microsoft. Se quiser fazer isso, deve consultar manualmente Parted (ou o manual da sua distribuiin).","Se você converter para FAT16, e o MS Windows está instalado nesta partição, você deverá reinstalar o gerenciador de boot do MS Windows. Se quiser fazer isso, consulte o manual do Parted (ou o manual de sua distribuição).",ID,LLAMA,79.88300919532776,61.77149573514873,31.615079773216266,42.10526315789473,89.59195017814636
"If you leave your file system as FAT32, then you will not introduce any new problems.","Se você mantiver seu sistema de arquivos como FAT32, não terá problemas novos.","Se deixar seu sistema de arquivos como FAT32, você não criará mais nenhum problema novo.",ID,LLAMA,89.03540968894958,57.1764008806397,39.210427616941004,46.666666666666664,91.59247279167175
"If you convert to FAT32, and MS Windows is installed on this partition, then you must re-install the MS Windows boot loader.  If you want to do this, you should consult the Parted manual (or your distribution's manual).  Also, converting to FAT32 will make the file system unreadable by MS DOS, MS Windows 95a, and MS Windows NT.","Se converter para FAT32, e se o MS Windows estiver instalado na participação atual, será necessário reinstalar o carregador de inicialização do MS Windows. Se optar por fazer isso, deve consultar manualmente Parted (ou o manual da sua distribuição). Além disso, a conversão para FAT32 tornará ilegíveis os sistemas de arquivos para MS DOS, MS Windows 95a e MS Windows NT.","Se você converter para FAT32, e o MS Windows está instalado nesta partição, você deverá reinstalar o gerenciador de boot do MS Windows. Se quiser fazer isso, consulte o manual do Parted (ou o manual de sua distribuição). Também, convertendo para FAT32 fará com que o sistema de arquivos não seja mais reconhecido pelo MS DOS, Windows 95a, e MS Windows NT.",ID,LLAMA,79.35903668403625,56.659601926517475,29.737165485502256,53.2258064516129,88.58950734138489
%s  %s  %s,%s   %s   %s,%s  %s  %s,ID,LLAMA,99.50042366981506,100.0,100.00000000000004,0.0,99.99998807907104
Would you like to use FAT32?,Gostaria de usar FAT32?,Você gostaria de usar FAT32?,ID,LLAMA,96.26670479774475,76.11483416748816,54.75182535069452,20.0,88.98642659187317
%s  %s,%s   %s,%s  %s,ID,LLAMA,99.56743121147156,100.0,100.00000000000004,0.0,100.00001192092896
The file system can only be resized to this size by converting to FAT16.,Sistema de fichiers só pode ser redimensionado a este tamanho para converter em FAT16.,O sistema de arquivos só pode ser redimensionado para este tamanho sendo convertido para FAT16.,ID,LLAMA,85.61099171638489,58.405805948540646,21.989282626654578,40.0,90.3890073299408
The file system can only be resized to this size by converting to FAT32.,O sistema de fichiers só pode ser redimensionado para este tamanho e convertido em FAT32.,O sistema de arquivos só pode ser redimensionado para este tamanho sendo convertido para FAT32.,ID,LLAMA,91.21844172477722,71.38213903201685,50.353378875558576,20.0,94.32958364486694
GNU Parted cannot resize this partition to this size.  We're working on it!,GNU Parted não consegue redimensionar esta partição para esse tamanho. Estamos trabalhando nele!,O GNU Parted não pode redimensionar esta partição a este tamanho.  Estamos trabalhando nisto!,ID,LLAMA,93.53107810020447,73.06684244995778,29.13055375496153,35.714285714285715,93.1645154953003
FAT %d media %x doesn't match the boot sector's media %x.  You should probably run scandisk.,O ID do FAT %d da meia %x não corresponde aos setores de inicialização da meia %x. Provável que seja necessário executar scandisk.,FAT %d mídia %x não bate com o setor de boot mídia %x. Você deveria executar o scandisk.,ID,LLAMA,73.18655252456665,38.7820675206845,12.909944487358057,88.88888888888889,81.3686192035675
fat_table_set: cluster %ld outside file system,fat_table_set: o cluster %ld está fora do sistema de arquivos,fat_table_set: cluster %ld fora do sistema de arquivos,ID,LLAMA,91.42562747001648,86.23182960008828,61.28081331864041,25.0,95.20779252052307
fat_table_get: cluster %ld outside file system,fat_table_get: o cluster %ld está fora do sistema de arquivos,fat_table_get: cluster %ld fora do sistema de arquivos,ID,LLAMA,91.57385230064392,86.23182960008828,61.28081331864041,25.0,95.1980710029602
fat_table_alloc_cluster: no free clusters,fat_table_alloc_cluster: não há clusters livres disponíveis para alocação.,fat_table_alloc_cluster: não há clusters livres,ID,LLAMA,85.15415787696838,88.8802980425801,72.21600387198372,60.0,90.45165777206421
Could not detect file system.,não foi possível detectar o sistema de arquivos.,Não foi possível detectar o sistema de arquivos.,ID,LLAMA,96.97732925415039,95.0967128133367,86.33400213704509,0.0,98.43555688858032
resizing %s file systems is not supported,o redimensionamento de sistemas de arquivos %s não está implementado,não é suportado redimensionar sistemas de arquivos %s,ID,LLAMA,75.30569434165955,64.05331882311302,36.72056269893591,75.0,90.9922182559967
The file system is bigger than its volume!,O sistema de arquivos é maior do que seu volume!,O sistema de arquivos é maior que seu volume!,ID,LLAMA,96.70819640159607,91.70272653084793,70.16879391277372,11.11111111111111,98.60233068466187
The file system contains errors.,O sistema de fichiers contém erros.,O sistema de arquivos contém erros.,ID,LLAMA,96.22610807418823,68.58006154126845,41.11336169005196,16.666666666666664,91.84174537658691
Bad blocks could not be read.,Blocos incorretos não podem ser lidos.,Blocos defeituosos não podem ser lidos.,ID,LLAMA,84.54120755195618,68.14701305750258,64.34588841607616,16.666666666666664,93.67979764938354
"Trying to register an extent starting at block 0x%X, but another one already exists at this position.  You should check the file system!","Intendo registrar uma extensiÃ£o que comece no bloco 0x%X, porém já existe outra nesta posição. Deve-se verificar o sistema de arquivos!","Tentando registar uma extensão que inicia no bloco 0x%X, mas uma outra já existe nesta posição.  Você deve verificar o sistema de arquivos!",ID,LLAMA,83.57388377189636,63.458357923474075,41.1833243719135,39.130434782608695,88.87420892715454
"Trying to move an extent from block 0x%X to block 0x%X, but another one already exists at this position.  This should not happen!","Tentando mover uma extensiÃ£o desde o bloco Ox%X para o blok Ox%X, mas já existe outra nesta posiciÃªncia. Isto se deve a terceiros!","Tentando mover uma extensão do bloco 0x%X para o bloco 0x%X, mas uma outra já existe nesta posição.  Isto não deveria acontecer!",ID,LLAMA,66.32331013679504,52.78093764673514,23.74249250059529,59.09090909090909,82.96960592269897
Could not update the extent cache for HFS file with CNID %X.,Não foi possível atualizar a cache de extensões para o ficheiro HFS com CNID %X.,Não foi possível atualizar o cache de extensão de arquivo HFS com CNID %X.,ID,LLAMA,88.66580724716187,71.75914480480947,47.0871306001523,35.714285714285715,93.00397038459778
Trying to read HFS file with CNID %X behind EOF.,Tentando ler o arquivo HFS com CNID %X após o final do ficheiro.,Tentando ler arquivo HFS com CNID %X atrás do fim do arquivo.,ID,LLAMA,84.946209192276,60.89717684400694,38.50322886878713,41.66666666666667,93.08326244354248
Could not find sector %lli of HFS file with CNID %X.,Não foi possível encontrar o setor %lli do ficheiro HFS com CNID %X.,Não foi possível encontrar setor %lli de arquivo HFS com CNID %X.,ID,LLAMA,90.48252701759338,76.67685005716271,53.7284965911771,25.0,93.69176030158997
Trying to write HFS file with CNID %X behind EOF.,Tentando escrever o ficheiro HFS com CNID %X após a chegada ao final do ficheiro.,Tentando escrever arquivo HFS com CNID %X atrás do fim do arquivo.,ID,LLAMA,73.8882303237915,51.17629876478619,26.220676436185983,66.66666666666666,90.35205245018005
Could not update the extent cache for HFS+ file with CNID %X.,Não foi possível atualizar a cachÃ© de extensiÃ³n para o ficheiro HFS+ com CNID %X.,Não foi possível atualizar o cache do arquivo de extensão HFS+ com CNID %X.,ID,LLAMA,73.67548942565918,66.91114396685124,48.59373818796306,50.0,85.72280406951904
Trying to read HFS+ file with CNID %X behind EOF.,Tentando ler o arquivo HFS+ com CNID %X após a chegada ao fim do arquivo.,Tentando ler arquivo HFS+ com CNID %X atrás do fim do arquivo.,ID,LLAMA,83.88927578926086,76.89695821361933,49.89070972910272,41.66666666666667,95.62913179397583
Could not find sector %lli of HFS+ file with CNID %X.,Não foi possível encontrar o setor %lli do ficheiro HFS+ com CNID %X.,Não foi possível encontrar setor %lli de arquivo HFS+ com CNID %X.,ID,LLAMA,88.95061612129211,77.41726381290961,57.30574043798692,25.0,94.03238296508789
Trying to write HFS+ file with CNID %X behind EOF.,Tentando escrever o arquivo HFS+ com CNID %X após a chegada ao fim do arquivo.,Tentando escrever arquivo HFS+ com CNID %X atrás do fim do arquivo.,ID,LLAMA,82.44606852531433,78.46954660522275,49.89070972910272,41.66666666666667,95.65125107765198
"Sorry, HFS cannot be resized that way yet.","Desculpe, HFS não pode ser redimensionado como desejado.","Desculpe, HFS não pode ser redimensionada deste modo ainda.",ID,LLAMA,84.34447646141052,69.62719717943675,48.61555413051454,44.44444444444444,91.4423406124115
shrinking,contrair,encolhendo,ID,LLAMA,50.70921182632446,6.125548045305078,0.0,100.0,69.8347806930542
Data relocation has failed.,A reubicaciÃ³n de dados falhou.,Realocação de dados falhou.,ID,LLAMA,78.56742739677429,59.42165445136492,50.81327481546149,50.0,80.4315447807312
Data relocation left some data in the end of the volume.,A reubicação de dados deixou alguns dados no final do volume.,A realocação de dados deixou alguns dados no final do volume.,ID,LLAMA,90.69826006889343,88.88612227541762,82.651681837938,9.090909090909092,95.55938243865967
writing HFS Master Directory Block,escribiendo Bloco de Directorio Maestro HFS,escrevendo bloco de diretório mestre HFS,ID,LLAMA,73.40803742408752,29.915608052295145,9.652434877402245,50.0,86.16765141487122
No valid HFS[+X] signature has been found while opening.,Não foi possível encontrar uma assinatura HFS[+X] válida ao abrir.,Nenhuma assinatura HFS[+X] válida foi encontrada ao abrir.,ID,LLAMA,86.59440875053406,72.3674478958515,50.389204852596336,75.0,91.51803851127625
Version %d of HFS+ isn't supported.,A versÃ³es %d do HFS+ não estão implementadas.,Não há suporte para a versão %d do HFS+.,ID,LLAMA,78.22597622871399,28.996110592110707,33.5295721026861,88.88888888888889,82.5156033039093
Version %d of HFSX isn't supported.,A versÃ³es %d do HFSX não estão implementadas.,Não há suporte para a versão %d do HFSX.,ID,LLAMA,76.16263628005981,31.631424642056295,25.13293635022765,88.88888888888889,82.50421285629272
Data relocation left some data at the end of the volume.,A reubicação de dados deixou alguns dados no final do volume.,A realocação de dados deixou alguns dados no final do volume.,ID,LLAMA,90.67122340202332,88.88612227541762,82.651681837938,9.090909090909092,95.55938243865967
Error while writing the allocation file.,Erro ao escrever o ficheiro de associaÃ§Ã£o.,Erro ao escrever o arquivo de alocação.,ID,LLAMA,73.73897433280945,51.52365593862002,38.260294162784454,28.57142857142857,81.75122737884521
Error while writing the compatibility part of the allocation file.,Erro ao escrever a parte de compatibilidade do ficheiro de alocaÃ§Ã£o.,Erro ao escrever a parte de compatibilidade do arquivo de alocação.,ID,LLAMA,84.94296669960022,76.54614836525143,64.84115071397645,18.181818181818183,88.5610580444336
writing HFS+ Volume Header,escrevendo o encabeçamento do volume HFS+,escrevendo cabeçalho de volume HFS+,ID,LLAMA,79.73893284797668,60.88236010253897,26.269098944241588,60.0,88.1875991821289
An error occurred while looking for the mandatory bad blocks file.,Ocorreu um erro ao procurar o ficheiro obrigatório de blocos danificados.,Ocorreu um erro enquanto era visto o arquivo obrigatório de blocos defeituosos.,ID,LLAMA,82.67486691474915,50.56543830385204,20.9600434013445,41.66666666666667,87.54298090934753
It seems there is an error in the HFS wrapper: the bad blocks file doesn't contain the embedded HFS+ volume.,Parece que houve um erro na envoltura HFS: o ficheiro de blocos danificados não contém volume HFS+ incorporado.,Parece que há um erro no empacotador HFS: o arquivo de blocos defeituosos não contém um volume HFS+ embutido.,ID,LLAMA,82.6418399810791,51.026154620136296,16.210476195714552,36.84210526315789,89.57375288009644
"Sorry, HFS+ cannot be resized that way yet.","Desculpe, HFS+ aún não pode ser redimensionado de forma como você deseja.","Desculpe, HFS+ não pode ser redimensionada deste modo ainda.",ID,LLAMA,85.44357419013977,63.02396911313214,24.601372576927535,77.77777777777779,89.39129710197449
shrinking embedded HFS+ volume,contrayendo volume HFS+ tertanado,encolhendo volume HFS+ embutido,ID,LLAMA,57.71164298057556,50.871293486764216,39.76353643835252,50.0,81.19715452194214
Resizing the HFS+ volume has failed.,O redimensionamento do volume HFS+ falhou.,Redimensionamento de volume HFS+ falhou.,ID,LLAMA,79.92921471595764,81.09354397645087,51.697315395717055,40.0,90.55379629135132
shrinking HFS wrapper,contrayendo envoltura HFS,reduzindo empacotador HFS,ID,LLAMA,50.65026879310608,19.22560229625447,27.516060407455225,66.66666666666666,81.18782043457031
Updating the HFS wrapper has failed.,A actualizaÃ§Ã£o da envoltura HFS falhou.,Falha na atualização do empacotador HFS.,ID,LLAMA,58.40988755226135,23.408846990126595,7.809849842300637,100.0,77.67179608345032
This is not a real %s check.  This is going to extract special low level files for debugging purposes.,Esta não é uma revisiÃ³ra real de %s. Isto vai extrair ficheiros especiais do nível baixo para depuraciÃ£o.,Isto não é uma verificação %s real.  Isto vai extrair arquivos especiais de baixo nível para propósitos de depuração.,ID,LLAMA,74.5452880859375,47.05987574556503,20.17662782828608,57.89473684210527,84.74501371383667
Bad block list header checksum.,CRC do encabezado da lista de bloques delafrados.,Soma de verificação do cabeçalho de lista de blocos defeituosos.,ID,LLAMA,54.54203486442566,27.35709623354403,9.080027618567454,70.0,79.43366765975952
Invalid size of a transaction block while replaying the journal (%i bytes).,Tamanho inválido de um bloco de transação ao reproduzir o diário de registros (%i bytes).,Tamanho inválido de um bloco de transação ao reproduzir o journal (%i bytes).,ID,LLAMA,88.7046754360199,83.72056258887883,73.31765459202478,23.076923076923077,96.47735357284546
Journal stored outside of the volume are not supported.  Try to deactivate the journal and run Parted again.,O armazenamento do diário de registros fora do volume não está implementado. Tente desativar o jornal e execute Parted novamente.,Não há suporte a journals armazenados fora do volume.  Tente desabilitar o journal e executar Parted novamente.,ID,LLAMA,76.50361657142639,51.89391413675406,12.99080632357416,76.47058823529412,86.95167899131775
Journal offset or size is not multiple of the sector size.,O tamanho do diário de registros ou o deslocamento não é um múltiplo do tamanho do setor.,O deslocamento ou tamanho de Journal não é um múltiplo do tamanho do cluster.,ID,LLAMA,65.82497954368591,63.108764304799124,38.17666460451128,50.0,90.38679599761963
Incorrect magic values in the journal header.,Valores mágicos incorretos no cabeçalho do diário de registros.,Valores mágicos incorretos no cabeçalho journal.,ID,LLAMA,81.48594498634338,75.09754519842602,41.11336169005198,66.66666666666666,92.290598154068
Journal size mismatch between journal info block and journal header.,Discrepância no tamanho do diário de registros entre o bloco de informações e a cabeça do jornal.,Tamanho do Journal não coincide com o bloco de informações e cabeçalho do journal.,ID,LLAMA,59.282106161117554,46.35535322457436,22.61216470320596,64.28571428571429,80.48242926597595
Some header fields are not multiple of the sector size.,Alguns campos de encabezado no são múltiplos do tamanho do sector.,Alguns campos de cabeçalho não são múltiplos do tamanho do setor.,ID,LLAMA,78.24180722236633,71.65347412662022,43.66835442847811,27.27272727272727,91.37587547302246
The sector size stored in the journal is not 512 bytes.  Parted only supports 512 bytes length sectors.,O tamanho do sector armazenado no diário de registros não é de 512 bytes. Parted só suporta sectors de 512 bytes.,O tamanho de setor armazenado no journal não é 512 bytes.  O Parted suporta apenas setores com 512 bytes de comprimento.,ID,LLAMA,81.84914588928223,49.49861521533141,12.25914995865642,61.904761904761905,90.39453864097595
Bad journal checksum.,Checksum do diário de registros incorreto.,Soma de verificação de journal ruim.,ID,LLAMA,62.63679265975952,12.97788743115314,7.809849842300637,83.33333333333334,75.67720413208008
The journal is not empty.  Parted must replay the transactions before opening the file system.  This will modify the file system.,O jornal de registros não está vazio. O parted deve reproduzir as transações antes de abrir o sistema de arquivos. Isso modificará o sistema de arquivos.,O jornal não está vazio.  O Parted deve repetir as transações antes de abrir o sistema de arquivos.  Isto irá modificá-lo.,ID,LLAMA,75.78281164169312,72.21144933434553,46.361333851961774,42.857142857142854,91.92982912063599
The volume header or the master directory block has changed while replaying the journal.  You should restart Parted.,O encabezamento do volume ou bloco de diretório raiz mudou ao reproduzir o diário de registros. Deve reiniciar Parted.,O cabeçalho do volume ou o bloco de diretório mestre foi modificado quando repetindo o journal.  Você deve reiniciar o Parted.,ID,LLAMA,78.92450094223022,43.909949891614396,12.997432906360487,52.38095238095239,84.75202322006226
An extent has not been relocated.,Não foi possível relocar a extensÃ£o.,Uma extensão não foi realocada.,ID,LLAMA,75.34019351005554,30.92115235650056,7.809849842300637,100.0,75.53589940071106
A reference to an extent comes from a place it should not.  You should check the file system!,Uma referÃªncia a uma extensiÃ³n vem de um lugar que não deveria. Revise o sistema de fichiers!,Uma referência para uma extensão vem de um local indevido.  Você deve verificar o sistema de arquivos!,ID,LLAMA,75.26824474334717,42.87521358129876,14.400124446705304,52.94117647058824,78.80607843399048
This HFS volume has no catalog file.  This is very unusual!,Este volume HFS não possui um arquivo catálogo. Isso é muito incomum!,Este volume HFS não possui arquivo de catálogo.  Isto é muito incomum!,ID,LLAMA,94.86796259880066,78.9905456689798,49.4799546857679,25.0,97.31678366661072
This HFS volume has no extents overflow file.  This is quite unusual!,Este volume HFS não possui um arquivo de desbordamento de extensões. Isso é muito extraordinário!,Este volume HFS não possui nenhum arquivo de estouro de extensão.  Isto é bastante incomum!,ID,LLAMA,80.82897067070007,52.6164621800947,27.569661588988094,40.0,89.33624625205994
The extents overflow file should not contain its own extents!  You should check the file system.,O arquivo de desbordamento de extensões não deve conter suas próprias extensões! Deve revisar o sistema de arquivos.,O arquivo de estouro de extensões não deve conter suas próprias extensões!  Você deve verificar o sistema de arquivos.,ID,LLAMA,74.51831102371216,76.72202861148263,61.96892002000342,15.789473684210526,94.54346299171448
Could not cache the file system in memory.,Não foi possível armazenar o sistema de arquivos na memória cache.,Não foi possível armazenar em cache o sistema de arquivos em memória.,ID,LLAMA,91.70216917991638,75.61711974621423,42.24381807525122,41.66666666666667,95.81072330474854
Bad blocks list could not be loaded.,Não foi possível carregar a lista de blocos danificados.,A lista de blocos defeituosos não pôde ser carregada.,ID,LLAMA,86.82796955108643,41.21975630714552,16.784459625186194,66.66666666666666,84.13015007972717
An error occurred during extent relocation.,OcurriÃ£o de um erro durante a relocalizaÃ§Ã£o da extensiÃ³n.,Ocorreu um erro durante a realocação da extensão.,ID,LLAMA,69.45223808288574,55.13475726281174,29.071536848410968,50.0,72.9564368724823
This HFS+ volume has no catalog file.  This is very unusual!,Este volume HFS+ não possui um arquivo de catálogo. Isso é muito incomum!,Este volume HFS+ não possui nenhum arquivo de catálogo.  Isto é muito incomum!,ID,LLAMA,95.33197283744812,83.80775157368772,61.28081331864041,15.384615384615385,98.83078336715698
This HFS+ volume has no extents overflow file.  This is quite unusual!,Este volume HFS+ não possui um arquivo de desbordamento de extensões. Isso é muito extraordinário!,Este volume HFS+ não possui nenhum arquivo de estouro de extensões.  Isto é bastante incomum!,ID,LLAMA,84.20045971870422,60.31841138066017,38.17666460451127,33.33333333333333,92.60027408599854
displays this help message,tampilque este mensagem de ajuda,mostra esta mensagem de ajuda,ID,LLAMA,79.23374772071838,60.19431264200048,39.76353643835252,40.0,84.96103882789612
lists partition layout on all block devices,elencar as disposiÃ§Ãµes de partiÃ§Ã£o em todos os dispositivos de bloqueio,lista modelos de partições em todos os dispositivos de bloco,ID,LLAMA,60.996490716934204,58.84389801004243,36.72056269893591,50.0,75.02017021179199
displays machine parseable output,saída analisável do processo,exibe saída analisável por máquina,ID,LLAMA,79.87151145935059,45.88446367377279,24.880469496253564,60.0,85.80739498138428
displays JSON output,exibe saída JSON,exibe saída analisável por máquina,ID,LLAMA,71.4491069316864,31.866645373865452,28.254432923044853,60.0,77.99540162086487
never prompts for user intervention,não pede nunca a interveniÃ³n do usuÃ“rio,nunca pede intervenção do usuário,ID,LLAMA,63.799095153808594,42.725708567138135,8.643019616048525,100.0,76.19072794914246
displays the version,mostrar versÃ³n,mostra a versão,ID,LLAMA,73.31016063690186,33.50736623937664,0.0,100.0,68.14590096473694
alignment for new partitions,alinhamento para novas partições,alinhamento para novas partições,ID,LLAMA,98.2234537601471,100.0,100.00000000000004,0.0,100.00001192092896
"NUMBER is the partition number used by Linux.  On MS-DOS disk labels, the primary partitions number from 1 to 4, logical partitions from 5 onwards.
","O NUMERO é o número de participação utilizado pelo Linux. Nas etiquetas do disco MS-DOS, as partÃ­sios primÃ¡rias valem números entre 1 e 4, enquanto que as partÃ­sios lógicas começam a valer a partir de 5 em diante.","NÚMERO é o número da partição usado pelo Linux.  Em rótulos de disco MS-DOS, as partições primárias são de 1 a 4 e partições lógicas de 5 adiante.
",ID,LLAMA,74.00782704353333,48.470815436669604,12.265533937260367,92.85714285714286,82.73903727531433
LABEL-TYPE is one of: ,"TIPO_ETIQUETA é um dos tipos de etiquetas, que inclui 'ID' como uma das opções.",TIPO_RÓTULO é um de:,ID,LLAMA,53.85146737098694,21.18226016602634,6.423094863383858,100.0,72.64591455459595
FLAG is one of: ,FLAG adalah salah satu dari:,OPÇÃO é um de: ,ID,LLAMA,64.60248827934265,5.256469500924213,8.116697886877475,100.0,79.98145818710327
UNIT is one of: ,UNIDAD é um dos seguintes: ,UNIDADE é um de: ,ID,LLAMA,82.52366185188293,41.523304754163654,17.965205598154213,75.0,87.02481389045715
desired alignment: minimum or optimal,alinhamento desejado: mínimo ou óptimo,alinhamento desejado: mínimo ou ideal,ID,LLAMA,95.30918002128601,83.05270914695325,75.98356856515926,20.0,94.22021508216858
"PART-TYPE is one of: primary, logical, extended
","TIPO-PART é um dos seguidos: primÃ¡rio, lÃ³gico, extendido","TIPO-PART é uma: primária, lógica, estendida
",ID,LLAMA,70.48764824867249,42.535370734540464,9.425159511373677,100.0,79.41235303878784
FS-TYPE is one of: ,TIPO-SF é um dos seguintes tipos de arquivos:,TIPO-FS é um de: ,ID,LLAMA,77.94958353042603,33.961898697171456,11.339582221952005,100.0,83.85629057884216
"START and END are disk locations, such as 4GB or 10%.  Negative values count from the end of the disk.  For example, -1s specifies exactly the last sector.
","Início e Fim são locais de disco, como 4GB ou 10%. Os valores negativos contam a partir do final da unidade. Por exemplo, -1s especifica o último setor.","INÍCIO E FIM são localizações de disco, assim como 4GB ou 10%.  Valores negativos contam a partir do final do disco.  Por exemplo, -1s especifica exatamente o último setor.
",ID,LLAMA,86.80183291435242,66.80970936133915,49.96019804687281,20.689655172413794,89.80124592781067
"END is disk location, such as 4GB or 10%.  Negative value counts from the end of the disk.  For example, -1s specifies exactly the last sector.
","FIN é uma localizaÃ§Ã£o de disco, como 4GB ou 10%. Os valores negativos contam desde o final do disco. Por exemplo, -1s especifica exatamente o sÃºltimo setor.","FIM é localização de disco, assim como 4GB ou 10%.  Valores negativos contam a partir do final do disco.  Por exemplo, -1s especifica exatamente o último setor.
",ID,LLAMA,82.2023093700409,73.28297734756626,52.24164767707813,33.33333333333333,90.08281230926514
"STATE is one of: on, off
","KEADAAN adalah salah satu dari: on, off
","ESTADO é um de: on, off
",ID,LLAMA,83.42750072479248,33.09790674713393,29.84745896009822,83.33333333333334,87.59331703186035
"DEVICE is usually /dev/hda or /dev/sda
",Dispositivo normalmente /dev/hda ou /dev/sda,"DISPOSITIVO é usualmente /dev/hda ou /dev/sda
",ID,LLAMA,92.83210039138794,60.965570572857594,71.77659214467671,33.33333333333333,88.64492177963257
"NAME is any word you want
",NOMBRE é qualquer palavra que quiseres,"NOME é qualquer palavra que desejar
",ID,LLAMA,90.19200801849365,67.44395552048152,50.81327481546149,33.33333333333333,85.92509031295776
"Copyright (C) 1998 - 2006 Free Software Foundation, Inc.
This program is free software, covered by the GNU General Public License.

This program is distributed in the hope that it will be useful,
but WITHOUT ANY WARRANTY; without even the implied warranty of
MERCHANTABILITY or FITNESS FOR A PARTICULAR PURPOSE.  See the
GNU General Public License for more details.

","Privilégio de cópia (C) 1998 - 2006 Free Software Foundation, Inc. 
Programa início é software livre, protegido pela Licença Pública Geral do GNU. 

O programa está distribuído com a esperança que seja útil,
a prévia e sem nenhuma garantia; nem mesmo garante implícita de comercializabilidade ou adequação para um fim determinado. Consulte a Licença Pública Geral do GNU para obter mais detalhes.","Copyright (C) 1998 - 2006 Free Software Foundation, Inc.
Este programa é um software livre, coberto pela Licença Pública Geral GNU.

Este programa é distribuído na expectativa de ser útil, mas
SEM QUALQUER GARANTIA; sem mesmo a garantia implícita de
COMERCIALIZAÇÃO ou de ADEQUAÇÃO A QUALQUER PROPÓSITO EM
PARTICULAR. Consulte a Licença Pública Geral GNU para obter
mais detalhes.

",ID,LLAMA,69.81388926506042,54.31013469811716,37.098823240538856,45.76271186440678,76.74149870872498
%0.f%%	(time left %.2d:%.2d),%0.f%%	(sisa waktu %.2d:%.2d),%0.f%%	(tempo restante %.2d:%.2d),ID,LLAMA,93.30451488494873,49.72998891686217,76.24658586234858,50.0,95.17884254455566
Partition %s is being used. Are you sure you want to continue?,A participÃ¡ncia %s esta usando. Está certo que deseja continuar?,A partição %s está em uso. Você tem certeza que deseja continuar?,ID,LLAMA,66.77477359771729,48.22681075349606,21.18854509032766,58.333333333333336,81.43279552459717
Partition(s) on %s are being used.,As participações em %s estão sendo utilizadas.,Partição(ões) em %s está(ão) sendo utilizada(s).,ID,LLAMA,62.099820375442505,45.669383760669874,8.290056966884416,66.66666666666666,76.90343260765076
The existing disk label on %s will be destroyed and all data on this disk will be lost. Do you want to continue?,A etiqueta do disco atual em %s será destruída e todos os dados neste disco se perderão. Deseja continuar?,O rótulo de disco existente em %s será destruído e todos os dados neste disco serão perdidos. Você deseja continuar?,ID,LLAMA,88.79111409187317,58.6441282172366,34.61771478013761,40.0,90.89866280555725
New disk label type?,"Novo tipo de etiqueta para disco?
",Novo tipo de rótulo de disco?,ID,LLAMA,94.58032250404358,53.57410059851426,30.739407647563215,33.33333333333333,88.12953233718872
Partition type?,Tipo de participação?,Tipo da partição?,ID,LLAMA,79.14591431617737,41.72285759260994,18.99589214128981,66.66666666666666,87.96773552894592
Partition name?,Nome da participação?,Nome da partição?,ID,LLAMA,89.47247862815857,69.66217173951465,35.35533905932737,33.33333333333333,88.9078438282013
File system type?,Tipo de sistema de fichiers?,Tipo do sistema de arquivos?,ID,LLAMA,91.54606461524963,44.09885261572904,19.304869754804482,40.0,88.51372599601746
Start?,Avaliação?,Iniciar?,ID,LLAMA,72.66160249710083,12.431909098646692,49.99999999999999,100.0,83.88749957084656
End?,Akhir?,Terminar?,ID,LLAMA,89.18504118919373,12.481910274963822,49.99999999999999,100.0,84.2906653881073
"You requested a partition from %s to %s (sectors %llu..%llu).
The closest location we can manage is %s to %s (sectors %llu..%llu).%s",Pedi por uma participação de %s a %s (sectores %llu..%llu). A localização mais próxima que podemos manejar é em %s até %s (sector %llu..%llu).,"Você solicitou uma partição de %s até %s (setores %llu..%llu).
A localização mais próxima que podemos gerenciar é de %s até %s (setores %llu..%llu).%s",ID,LLAMA,82.12563395500183,65.27624236539062,59.07954028315969,37.5,88.84503245353699
"
Is this still acceptable to you?",Â¿Está aceptable para ti este?,"
Isto é ainda aceitável para você?",ID,LLAMA,85.6630265712738,16.18793331293719,8.170609724417774,100.0,77.28263139724731
The resulting partition is not properly aligned for best performance: %s,A participÃ¡n resultante não estÃ£ está corretamente alinhada para o melhor desempeÃ±o: %s,A partição resultante não está propriamente alinhada para melhor performance: %s,ID,LLAMA,64.72363471984863,56.6716923415158,15.718877363021207,45.45454545454545,81.42173290252686
%s disk labels do not support partition name.,As etiquetas de disco %s não implementam nome de participante.,Rótulos de disco %s não suportam nome de partição.,ID,LLAMA,71.73219323158264,56.18309289325697,37.70063804549471,44.44444444444444,86.09850406646729
Partition number?,Número de participação?,Número da partição?,ID,LLAMA,78.32477688789368,47.31722612131112,18.99589214128981,66.66666666666666,82.02097415924072
"BIOS cylinder,head,sector geometry: %d,%d,%d.  Each cylinder is %s.
","Geometria cilíndrica, encabezado, setor de BIOS: %d,%d,%d. Cada cilindro é um §%s.
","cilindro pela BIOS,cabeça,geometria do setor: %d,%d,%d.  Cada cilindro é %s.
",ID,LLAMA,73.60047698020935,54.63383188813473,55.318667544652776,80.0,85.47128438949585
"Model: %s (%s)
",Modelo: %s (%s),"Modelo: %s (%s)
",ID,LLAMA,98.75355958938599,100.0,100.00000000000004,0.0,100.0
"Disk %s: %s
","Disco %s: %s
","Disco %s: %s
",ID,LLAMA,98.40936660766602,100.0,100.00000000000004,0.0,100.00001192092896
"Sector size (logical/physical): %lldB/%lldB
",Tamanho do sector (lógico/físico): %<PRIuMAX>B/%<PRIuMAX>B,"Tamanho do setor (lógico/físico): %lldB/%lldB
",ID,LLAMA,74.63510632514954,64.65857229586024,35.07534174929481,40.0,82.52598643302917
"Partition Table: %s
",Tabela de particionamento: %s,"Tabela de partições: %s
",ID,LLAMA,94.81207728385925,64.20261226223339,37.99178428257963,25.0,92.36705899238586
"Disk Flags: %s
","Banderas de disco: %s
","Opções de disco: %s
",ID,LLAMA,80.48725724220276,66.63855623754984,75.98356856515926,25.0,87.28928565979004
Number,Número,Número,ID,LLAMA,98.7723171710968,100.0,100.00000000000004,0.0,99.99998807907104
Start,Mulai,Início,ID,LLAMA,78.63070368766785,2.873563218390805,0.0,100.0,76.00597143173218
End,Fim,Fim,ID,LLAMA,98.53987097740173,100.0,100.00000000000004,0.0,99.99998807907104
Size,Tamanho do objeto,Tamanho,ID,LLAMA,70.99717259407043,72.53249735428606,27.516060407455225,100.0,77.76739001274109
Type,Tipo,Tipo,ID,LLAMA,99.27751421928406,100.0,100.00000000000004,0.0,99.99998211860657
File system,Sistema de fichiers,Sistema de arquivos,ID,LLAMA,92.0895516872406,49.82169790993321,55.03212081491043,33.33333333333333,87.18835115432739
Name,Nome,Nome,ID,LLAMA,99.30971264839172,100.0,100.00000000000004,0.0,99.99994039535522
Flags,Bandeiras,Opções,ID,LLAMA,63.42906951904297,4.329004329004329,0.0,100.0,83.74090790748596
Free Space,Espaço Livre,Espaço livre,ID,LLAMA,97.68376350402832,47.8517316017316,49.99999999999999,0.0,96.38163447380066
A %s %s partition was found at %s -> %s.  Do you want to add it to the partition table?,"Uma participação %s %s foi encontrada no diretório de partição em %s para o arquivo %s. Deseja adicioná-la à tabela das partições?
",Uma partição %s %s foi encontrada em %s -> %s.  Você deseja adicioná-la a tabela de partições?,ID,LLAMA,84.32672619819641,65.88864219619786,28.883361674870965,64.70588235294117,88.00191283226013
searching for file systems,buscando os sistemas de arquivos,pesquisando por sistemas de arquivo,ID,LLAMA,90.02414345741272,52.88211527964205,21.3643503198117,60.0,89.85361456871033
The resize command has been removed in parted 3.0,A ordem resize foi removida no parted 3.0,O comando resize foi removido no parted 3.0,ID,LLAMA,91.41550660133362,64.88397024443981,25.848657697858535,37.5,96.7005729675293
"Shrinking a partition can cause data loss, are you sure you want to continue?","Contrair uma participação pode provocar perda de dados, realmente deseja continuar?","Reduzir uma partição pode causar perda de dados, você tem certeza que deseja continuar?",ID,LLAMA,79.0672242641449,55.47072754092651,23.644618856835695,50.0,87.32543587684631
New device?,Pergunta de novo dispositivo?,Novo dispositivo?,ID,LLAMA,76.23628973960876,72.92679975691269,21.3643503198117,100.0,84.16988849639893
alignment type(min/opt),tipo de alinhamento (min/opt),tipo de alinhamento(min/opt),ID,LLAMA,97.17394709587097,87.9425447075882,100.00000000000004,66.66666666666666,100.0
"%d aligned
",%d alinhada,"%d alinhado(s)
",ID,LLAMA,83.36334228515625,59.51147949127129,20.24518585186855,50.0,90.8994972705841
"%d not aligned: %s
",%d linha não alinhada: %s,"%d não alinhado: %s
",ID,LLAMA,85.22078394889832,61.67074255318102,27.054113452696992,50.0,93.45149993896484
Flag to Invert?,Bandeira a ser colocada em Inveritr?,Opção para inverter?,ID,LLAMA,45.98218500614166,16.48804595251318,6.567274736060395,100.0,73.77923130989075
New state?,Novo estado?,Novo estado?,ID,LLAMA,99.53175187110901,100.0,100.00000000000004,0.0,100.00002384185791
Unit?,Unidade?,Unidade?,ID,LLAMA,98.91311526298523,100.0,100.00000000000004,0.0,100.00002384185791
align-check,verificação de alinhamento,align-check,ID,LLAMA,63.59410881996155,10.855724976806721,0.0,100.0,65.32222032546997
align-check TYPE N                       check partition N for TYPE(min|opt) alignment,align-check TIPO N                       verifica partisi N para atender ao tipo de alinhamento (min|opt),align-check TIPO N                       verifica a partição N para alinhamento de TIPO(mínimo|ideal),ID,LLAMA,72.25959897041321,58.79823197824204,19.81178554870824,63.63636363636363,86.8496298789978
help,ajuda,help,ID,LLAMA,95.27081251144409,0.0,0.0,100.0,89.51277732849121
"help [COMMAND]                           print general help, or help on COMMAND","help [ORDEN]                           mostra a ajuda geral, ou a ajuda sobre o comando ORDEN","help [COMANDO]                           exibe a ajuda geral, ou ajuda para o COMANDO",ID,LLAMA,80.37756681442261,42.933135727689375,28.78787818101128,45.45454545454545,86.3616943359375
mklabel,mklabel,mklabel,ID,LLAMA,98.25246930122375,100.0,100.00000000000004,0.0,100.00001192092896
mktable,tabela de mercado,mktable,ID,LLAMA,65.33973813056946,15.907703482756222,0.0,100.0,77.35806703567505
"mklabel,mktable LABEL-TYPE               create a new disklabel (partition table)","mklabel,mktable TIPO-ETIQUETA          cria uma nova etiqueta de disco (na tabela de particionamento)","mklabel,mktable TIPO-RÓTULO              cria um novo rótulo de disco (na tabela de partição)",ID,LLAMA,84.63431596755981,60.41832092445174,40.325042950627804,41.66666666666667,91.59801602363586
mkpart,mkpart,mkpart,ID,LLAMA,97.92699217796326,100.0,100.00000000000004,0.0,99.99998807907104
mkpart PART-TYPE [FS-TYPE] START END     make a partition,mkpart TIPO-PART [TIPO-SF] AWAL AKHIR    membuat sebuah partisi,mkpart TIPO-PART [TIPO-FS] INÍCIO FIM    cria uma partição,ID,LLAMA,68.90982985496521,41.748074944178526,16.784459625186194,75.0,87.73854374885559
"'mkpart' makes a partition without creating a new file system on the partition.  FS-TYPE may be specified to set an appropriate partition ID.
",'mkpart' cria uma partição sem criar um novo sistema de arquivos na partição. Pode definir o TIPO-FS para atribuir uma ID da partição.,"mkpart cria uma partição sem criar um novo sistema de arquivos na partição. TIPO-FS deve ser especificado para partições de dados (ao oposto de uma partição estendida). Este comando é útil se você apagou acidentalmente uma partição.
",ID,LLAMA,70.54911255836487,43.018022305527765,27.33735208120169,59.45945945945946,84.75785851478577
name,nome,name,ID,LLAMA,93.83115768432617,21.666666666666664,0.0,100.0,91.3794994354248
name NUMBER NAME                         name partition NUMBER as NAME,nome NUMERO NOMBRE                     nome a participÃ£o NUMERO como NOMBRE,name NÚMERO NOME                         renomeia a partição NÚMERO para NOME,ID,LLAMA,63.30080032348633,26.243322494863257,4.767707020457095,88.88888888888889,76.56272053718567
print,imprimir,print,ID,LLAMA,86.9360089302063,20.836819500223115,0.0,100.0,62.91289925575256
"print [devices|free|list,all]            display the partition table, or available devices, or free space, or all found partitions","print [dispositivos|livre|lista,todos]            mostra a tabela de partições, dispositivos disponíveis, espaço livre ou todas as partições encontradas.","print [devices|free|list,all|NÚMERO]     exibe a tabela de partições, dispositivos disponíveis, espaço livre, todas as partições encontradas ou uma partição específica",ID,LLAMA,82.00339674949646,64.38459002884254,39.65209735713888,42.10526315789473,88.75796794891357
"Without arguments, 'print' displays the entire partition table. However with the following arguments it performs various other actions.
","Sem argumentos, 'print' mostra a tabela de partições completa. Porém, com os seguintes argumentos, realiza outras ações.","Sem argumentos, ""print"" exibe a tabela de partições inteira. Entretanto, com os argumentos a seguir, ele executa várias outras ações.
",ID,LLAMA,89.46453928947449,52.937535481736,20.161527834384724,50.0,91.09481573104858
"  devices   : display all active block devices
",dispositivos : mostra todos os dispositivos de bloqueio ativo,"  devices   : exibe todos os dispositivos de bloco ativos
",ID,LLAMA,88.31397891044617,57.589623408602066,31.55984539112946,44.44444444444444,90.64011573791504
"  free      : display information about free unpartitioned space on the current block device
","free      : mostra informações sobre o espaço livre não particionado no dispositivo de bloqueamento atual
","  free      : exibe informações sobre espaço livre não particionado no dispositivo de bloco atual
",ID,LLAMA,89.2483115196228,78.30112229533964,49.202745153855076,21.428571428571427,94.43605542182922
"  list, all : display the partition tables of all active block devices
","listar, todas : mostrar as tabelas de particionamento das partições dos dispositivos bloqueiros ativos","  list, all : exibe as tabelas de partições de todos os dispositivos de bloco ativos
",ID,LLAMA,74.66976046562195,50.38264577907079,11.69455115701007,60.0,83.15507173538208
quit,sair,quit,ID,LLAMA,67.52249002456665,5.0,0.0,100.0,79.2479932308197
quit                                     exit program,sair do programa,quit                                     sai do programa,ID,LLAMA,78.6900281906128,55.77796779455701,39.43223765116288,50.0,89.00819420814514
rescue,resgate,rescue,ID,LLAMA,74.19976592063904,18.114609895431812,0.0,100.0,83.04301500320435
rescue START END                         rescue a lost partition near START and END,resgate INICIO FIN                      recupera as partições perdidas entre INICIO e FIN,rescue INÍCIO FIM                        recupera uma partição perdida próxima do INÍCIO e FIM,ID,LLAMA,68.47636699676514,31.22703808071948,4.069582841180382,83.33333333333334,84.26335453987122
resize,redimensão,resize,ID,LLAMA,67.09219813346863,12.969724631066484,0.0,100.0,81.74741268157959
"The resize command was removed in parted 3.0
",A ordem resize foi removida no parted 3.0,"O comando resize foi removido no parted 3.0
",ID,LLAMA,91.33191108703613,64.88397024443981,25.848657697858535,37.5,96.7005729675293
resizepart,resizing part,resizepart,ID,LLAMA,74.64538216590881,39.534307212701805,0.0,100.0,84.27520394325256
resizepart NUMBER END                    resize partition NUMBER,redimensiona a participÃ£o NOMOR AKHIR                   mengubah ukuran partisi NOMOR,resizepart NÚMERO FIM                    redimensiona a partição NÚMERO,ID,LLAMA,51.830512285232544,37.09773085542152,9.535414040914192,100.0,74.3512213230133
rm,remover arquivo,rm,ID,LLAMA,67.08639860153198,15.151515151515152,0.0,100.0,67.69486665725708
rm NUMBER                                delete partition NUMBER,rm NOMOR                              apaga a participação NOMOR,rm NÚMERO                                apaga a partição NÚMERO,ID,LLAMA,46.22707664966583,43.06501925897363,17.965205598154213,50.0,85.38672924041748
select,selecionar,select,ID,LLAMA,87.15753555297852,42.236679421451484,0.0,100.0,74.51938986778259
select DEVICE                            choose the device to edit,selecione o dispositivo a editar,select DISPOSITIVO                       escolhe o dispositivo para editar,ID,LLAMA,83.02814364433289,40.775727810071864,15.848738972120703,57.14285714285714,77.40356922149658
disk_set,set de disco,disk_set,ID,LLAMA,64.93774652481079,22.392817040859786,27.516060407455225,100.0,75.39529800415039
disk_set FLAG STATE                      change the FLAG on selected device,o estado da BANDERA no dispositivo selecionado foi alterado.,disk_set OPÇÃO ESTADO                    muda o estado de OPÇÃO no dispositivo selecionado,ID,LLAMA,49.34052526950836,47.13316800947291,14.55021253689141,72.72727272727273,78.44899892807007
disk_toggle,ativar/desativar o disco,disk_toggle,ID,LLAMA,47.73378670215607,10.113989043335007,0.0,100.0,65.77847003936768
disk_toggle [FLAG]                       toggle the state of FLAG on selected device,alterna o estado de [BANDERA] no dispositivo selecionado,disk_toggle [OPÇÃO]                      alterna o estado de OPÇÃO no dispositivo selecionado,ID,LLAMA,64.49539065361023,61.97829498005037,27.118022407374763,30.0,83.36894512176514
set,setar,set,ID,LLAMA,73.55173230171204,61.54580152671755,0.0,100.0,81.68400526046753
set NUMBER FLAG STATE                    change the FLAG on partition NUMBER,set NUMERO BANDERA ESTADO              muda a BANDERA de participação do Estado NOMOR,set NÚMERO OPÇÃO ESTADO                  muda a OPÇÃO na partição NÚMERO,ID,LLAMA,48.001351952552795,34.11153345558218,13.545994273378144,80.0,77.6166558265686
toggle,ativar/desativar,toggle,ID,LLAMA,46.83879911899567,3.571428571428571,0.0,100.0,71.60242795944214
toggle [NUMBER [FLAG]]                   toggle the state of FLAG on partition NUMBER,alterna o estado da BANDERA [NUMERO] (se houver),toggle [NÚMERO [OPÇÃO]]                  alterna o estado de OPÇÃO no NÚMERO da partição,ID,LLAMA,49.992743134498596,29.712963884689987,10.74159750747916,75.0,75.34871101379395
unit,unidade,unit,ID,LLAMA,88.07072043418884,31.98402863830373,0.0,100.0,93.02327632904053
unit UNIT                                set the default unit to UNIT,unidade UNIDAD                            configura a unidade por padrão para UNIDAD,unit UNIDADE                             define como unidade padrão UNIDADE,ID,LLAMA,71.49791121482849,37.55938221550488,5.669791110976001,100.0,83.41448307037354
version,versão,version,ID,LLAMA,91.73872470855713,27.613031708000126,0.0,100.0,92.35870242118835
version                                  display the version number and copyright information of GNU Parted,versÃ£o                                mostra o número de versÃ³n e a informaciÃ²n do copyright d'GNU Parted,version                                  exibe o número da versão e informações de direitos autorais do GNU Parted,ID,LLAMA,67.22314953804016,33.570764529378266,7.52885143038073,71.42857142857143,76.24770402908325
"'version' displays copyright and version information corresponding to this copy of GNU Parted
",'versao' mostra a informÃ¡cioes de versiÃ³n e copyright desta cÃ³pi do GNU Parted,"'version' exibe informações de versão e direitos autorais correspondentes a esta cópia do GNU Parted
",ID,LLAMA,66.27610325813293,33.71786360648319,11.724489878110314,66.66666666666666,74.4845449924469
"Usage: %s [-hlmsfv] [-a<align>] [DEVICE [COMMAND [PARAMETERS]]...]
",Modo de uso: %s [-hlmsfv] [-a<alinear>] [DISPOSITIVO [ORDEN [PARÃMETROS]]...],"Uso: %s [-hlmsv] [-a<alinhamento>] [DISPOSITIVO [COMANDO [PARÂMETROS]]...]
",ID,LLAMA,77.30424404144287,58.70432055625089,48.39281708164424,85.71428571428571,93.34496855735779
No device found,Não foi possível encontrar o dispositivo,Nenhum dispositivo encontrado,ID,LLAMA,93.86482834815979,44.64694592624635,8.116697886877475,100.0,77.05076932907104
"WARNING: You are not superuser.  Watch out for permissions.
",AVISO: Você não é superusuário. Fique atento aos seus permissões.,"ATENÇÃO: Você não é super usuário.  Tome cuidado com permissões.
",ID,LLAMA,78.47552299499512,54.29820004079205,23.90108882452814,60.0,85.22955179214478
You should reinstall your boot loader before rebooting.  Read section 4 of the Parted User documentation for more information.,"Antes de reiniciar, é necessário reinstalar o carregador de inicialização. Consulte a seção 4 da documentação do usuário Parted para obter mais informações.",Você deve reinstalar seu carregador de inicialização antes de reinicializar. Leia a seção 4 da documentação do usuário do Parted para mais informações.,ID,LLAMA,92.63398051261902,69.51319535663767,35.25678415060714,43.47826086956522,90.56557416915894
"You may need to update /etc/fstab.
",Pode haver que tenha de atualizar /etc/fstab.,"Você pode precisar atualizar /etc/fstab.
",ID,LLAMA,90.90781807899475,52.073153774558456,46.17366309441026,100.0,87.99282908439636
"Welcome to GNU Parted! Type 'help' to view a list of commands.
",Bem-vindo(a) ao GNU Parted! Escreva 'help' para ver uma lista de comandos.,"Bem vindo ao GNU Parted! Digite 'help' para ver uma lista de comandos.
",ID,LLAMA,92.05048680305481,75.77147698265631,56.35190098079901,23.076923076923077,91.82815551757812
"Usage: parted [OPTION]... [DEVICE [COMMAND [PARAMETERS]...]...]
Apply COMMANDs with PARAMETERS to DEVICE.  If no COMMAND(s) are given, run in
interactive mode.
","Modo de Empleo: parted [OPCIÃ¿]... [DISPOSITIVO [ORDEN[PARAMETROS...]...]...] Aplica a(s) ORDEN(ES) com PARAMETROS ao DISPOSITIVO. Se não houver nenhuma(s) ORDEN(ES), o parted irá rodar no modo interativo.","Uso: parted [OPCOES]... [DISPOSITIVO [COMANDO [PARÂMETROS]...]...]
Aplica COMANDOs com PARÂMETROS para DISPOSITIVO. Se nenhum COMANDO(s) forem
informados, executa-se em modo interativo.
",ID,LLAMA,72.69567251205444,48.204905658205845,31.3239501490607,90.47619047619048,86.85265779495239
"

You found a bug in GNU Parted! Here's what you have to do:

Don't panic! The bug has most likely not affected any of your data.
Help us to fix this bug by doing the following:

Check whether the bug has already been fixed by checking
the last version of GNU Parted that you can find at:

	http://ftp.gnu.org/gnu/parted/

Please check this version prior to bug reporting.

If this has not been fixed yet or if you don't know how to check,
please visit the GNU Parted website:

	http://www.gnu.org/software/parted

for further information.

Your report should contain the version of this release (%s)
along with the error message below, the output of

	parted DEVICE unit co print unit s print

and the following history of commands you entered.
Also include any additional information about your setup you
consider important.
","Apaq'ã encontrou um bug no GNU Parted! Aqui o que deve fazer:

Não se assuste! O bug provavelmente não afetou a informação. 
Podemos ajudar a consertá-lo seguindo estes passos: 
Revise se este erro já foi corrigido revisando as últimas versões do GNU Parted que pode encontrar no site da FTP:

http://ftp.gnu.org/gnu/parted/
Por favor, revise esta versão antes de relatar o bug. 
Se este erro ainda não foi corrigido ou se você não sabe como revisá-lo, visite o site do GNU Parted:

http://www.gnu.org/software/parted/
para mais informações.
Suas comunicações devem conter a versão deste relatório (%s) juntamente com mensagens de erro abaixo, saída da chamada 'parted DEVICE unit co print unit s print' e o histórico dos comandos que você executou. 
Inclua também qualquer informação adicional sobre a configuração considerando importante.","

Você encontrou um problema no GNU Parted! Eis o que deve fazer:

Não entre em pânico! O erro provavelmente não afetou nenhum de seus dados.
Ajude-nos a consertar este problema fazendo o seguinte:

Confira se o problema já foi resolvido verificando
a última versão do GNU Parted disponível em:

	http://ftp.gnu.org/gnu/parted/

Por favor, confira essa versão antes de relatar seu problema.

Se ele ainda não tiver sido resolvido, ou se não sabe como verificá-lo,
por favor visite a página do GNU Parted:

	http://www.gnu.org/software/parted

para maiores informações.

Seu relatório deve conter a versão deste lançamento, Parted (%s),
a mensagem de erro abaixo, a saída do comando

	parted DISPOSITIVO unit co print unit s print

e o histórico de comandos que você digitou.
Isto também inclui quaisquer informações adicionais sobre seu sistema
que você considerar relevantes.
",ID,LLAMA,82.33700394630432,54.79579180122979,36.761455072163436,57.14285714285714,87.43924498558044
"
Command History:
","Historial de Ã³rdenes:
","
Histórico de comandos:
",ID,LLAMA,64.56552743911743,21.071551427588577,18.99589214128981,66.66666666666666,75.27858018875122
"
Error: SEGV_MAPERR (Address not mapped to object)
",Erro SEGV_MAPERR (Endereço não atribuído ao objeto),"
Erro: SEGV_MAPERR (Endereço não mapeado ao objeto)
",ID,LLAMA,92.7314817905426,72.51582572935159,55.097857671324185,28.57142857142857,92.62344241142273
"
Error: SEGV_ACCERR (Invalid permissions for mapped object)
",Erro SEGV_ACCERR (PermissÃ³rios invÃ¡ltos para objeto assegurado),"
Erro: SEGV_ACCERR (Permissões inválidas para o objeto mapeado)
",ID,LLAMA,77.96902060508728,49.304158146598475,23.26303536297059,62.5,82.44853019714355
"
Error: A general SIGSEGV signal was encountered.
",Erro encontrado: uma seÃ§al general de SIGSEGV.,"
Erro: Um sinal geral SIGSEGV foi encontrado.
",ID,LLAMA,61.42579913139343,43.208769160604525,7.129384882260374,100.0,79.02576327323914
"
Error: FPE_INTDIV (Integer: divide by zero)",Erro FPE_INTDIV (Divisão por zero): divisÃ³rio igual a zero,"
Error: FPE_INTDIV (Inteiro: divisão por zero)",ID,LLAMA,83.11558961868286,51.16725532857538,26.58483576665878,100.0,83.79651308059692
"
Error: FPE_INTOVF (Integer: overflow)",Erro FPE_INTOVF (Excedimento de Entero): desbordamento,"
Erro: FPE_INTOVF (Inteiro: estouro)",ID,LLAMA,64.13909792900085,36.03231557579274,26.985534666825092,100.0,82.7461302280426
"
Error: FPE_FLTDIV (Float: divide by zero)",Erro FPE_FLTDIV (Flutuante: divisão por zero),"
Erro: FPE_FLTDIV (Real: divisão por zero)",ID,LLAMA,87.09800839424133,68.83345675002968,55.097857671324185,33.33333333333333,92.14813709259033
"
Error: FPE_FLTOVF (Float: overflow)",Erro de Flutuação em Ponto Flutuante (FPE_FLTOVF): desbordamento,"
Erro: FPE_FLTOVF (Real: estouro)",ID,LLAMA,51.89890265464783,30.04537087744017,14.211672443220438,100.0,75.49771070480347
"
Error: FPE_FLTUND (Float: underflow)",Erro FPE_FLTUND (Subdesbordamento Flutuante),"
Erro: FPE_FLTUND (Real: estouro negativo)",ID,LLAMA,67.6098883152008,32.00660715127771,26.295889981470573,80.0,83.92341732978821
"
Error: FPE_FLTRES (Float: inexact result)",Erro FPE_FLTRES (Resultado Inacessível): Flutuante com resultado inexato,"
Erro: FPE_FLTRES (Real: resultado não exato)",ID,LLAMA,73.9041805267334,45.25148346810529,22.997519112894437,100.0,84.16469693183899
"
Error: FPE_FLTINV (Float: invalid operation)",Erro FPE_FLTINV (Operação inválida com flutuante): operar em '%s'.,"
Erro: FPE_FLTINV (Real: operação inválida)",ID,LLAMA,52.36162543296814,53.060879953986415,17.026024721767097,100.0,82.87887573242188
"
Error: FPE_FLTSUB (Float: subscript out of range)",Erro FPE_FLTSUB (Flutuante: subskrip fora do rango),"
Erro: FPE_FLTSUB (Real: subscrito fora de alcance)",ID,LLAMA,71.74820899963379,36.63630835214185,23.19610106840199,71.42857142857143,87.80518770217896
"
Error: A general SIGFPE signal was encountered.",Erro encontrado: uma sinal de falha do ponto flutuante geral (SIGFPE).,"
Erro: Um sinal geral SIGFPE foi encontrado.",ID,LLAMA,72.52301573753357,42.74456101372326,4.274580923189599,100.0,82.57035613059998
"
Error: ILL_ILLOPC (Illegal Opcode)",Erro: ILL_ILLOPC (OpÃ³rcio ilegal),"
Erro: ILL_ILLOPC (Código de operação privilegiado)",ID,LLAMA,72.29445576667786,42.447129327753025,48.88290318657944,66.66666666666666,86.50935292243958
"
Error: ILL_ILLOPN (Illegal Operand)",Erro ILL_ILLOPN (Operando ilegal),"
Erro: ILL_ILLOPN (Operando ilegal)",ID,LLAMA,93.45043301582336,86.12263421891362,76.72796459606589,25.0,94.14288997650146
"
Error: ILL_ILLADR (Illegal addressing mode)",Erro: ILL_ILLADR (Modo de direccionamento ilegal),"
Erro: ILL_ILLADR (Modo de endereçamento ilegal)",ID,LLAMA,83.31142067909241,78.19226302521001,74.19446627365011,16.666666666666664,96.38111591339111
"
Error: ILL_ILLTRP (Illegal Trap)",Erro: ILL_ILLTRP (Trap Ilegal),"
Erro: ILL_ILLTRP (Interrupção ilegal)",ID,LLAMA,77.81086564064026,58.44035804711287,61.04735835807847,25.0,90.32602310180664
"
Error: ILL_PRVOPC (Privileged Opcode)",Erro ILL_PRVOPC (Opcode Privileged),"
Erro: ILL_PRVOPC (Código de operação privilegiado)",ID,LLAMA,78.0327320098877,37.84951507233638,26.295889981470573,83.33333333333334,82.71479606628418
"
Error: ILL_PRVREG (Privileged Register)",Erro ILL_PRVREG (Registro Privilegiado),"
Erro: ILL_PRVREG (Registrador privilegiado)",ID,LLAMA,91.07034206390381,63.97968332090442,33.764591090632756,50.0,92.26755499839783
"
Error: ILL_COPROC (Coprocessor Error)",Erro de coprocessador (ILL_COPROC),"
Erro: ILL_COPROC (Erro do coprocessador)",ID,LLAMA,89.72705006599426,52.65973858957778,19.78670910835195,100.0,89.17945623397827
"
Error: ILL_BADSTK (Internal Stack Error)",Galat Stack Internal (ILL_BADSTK),"
Erro: ILL_BADSTK (Erro interno da pilha)",ID,LLAMA,58.558350801467896,26.83672683359628,16.0529461904344,100.0,79.41803336143494
"
Error: A general SIGILL signal was encountered.",Erro encontrado: uma sinal geral de SIGILL foi detectada.,"
Erro: Um sinal geral SIGILL foi encontrado.",ID,LLAMA,81.72370791435242,61.47621605344852,12.605968092174914,71.42857142857143,91.63783192634583
invalid token: %s,token invÃ¡lido: %s,token inválido: %s,ID,LLAMA,91.49454236030579,69.48402333118027,42.72870063962342,33.33333333333333,81.56243562698364
Expecting a partition number.,Mengharapkan sebuah nomor partisi.,Espera-se um número de partição.,ID,LLAMA,65.17906785011292,16.09692112244295,8.745825313180626,100.0,79.89325523376465
Partition doesn't exist.,A participação não existe.,A partição não existe.,ID,LLAMA,73.42018485069275,76.16770620433918,42.72870063962342,25.0,88.61072063446045
Expecting a file system type.,Mengharapkan sebuah tipe sistem berkas.,Espera-se um tipo de sistema de arquivos.,ID,LLAMA,66.06188416481018,20.904203738086782,5.815868174415823,100.0,77.83811688423157
"Unknown file system type ""%s"".",Tipo de sistema de fichiers '%s' desconhecido.,"Tipo de sistema de arquivos ""%s"" desconhecido.",ID,LLAMA,95.5298364162445,62.24986463473306,29.377167835760567,28.57142857142857,87.67253160476685
Expecting a disk label type.,Mengharapkan sebuah tipe label disk.,Espera-se um tipo de rótulo de disco.,ID,LLAMA,54.8637330532074,12.232396034076896,5.815868174415823,100.0,76.84696912765503
Can't create any more partitions.,Não é possível criar mais partições.,Não é possível criar mais nenhuma partição.,ID,LLAMA,96.73241972923279,66.95596170050685,55.780028607687655,28.57142857142857,95.76597213745117
Expecting a partition type.,Mengharapkan sebuah tipe partisi.,Espera-se um tipo de partição.,ID,LLAMA,66.38528108596802,21.198271194313598,8.745825313180626,100.0,79.91583347320557
on,ligado,ligado,ID,LLAMA,98.21942448616028,100.0,100.00000000000004,0.0,100.0
off,desligado,desligado,ID,LLAMA,97.85546660423279,100.0,100.00000000000004,0.0,100.0
optimal,ótimo,ideal,ID,LLAMA,89.43294286727905,3.3333333333333335,0.0,100.0,79.07012701034546
minimal,mínimo,mínimo,ID,LLAMA,99.18398261070251,100.0,100.00000000000004,0.0,99.99997019767761
OPTIONs:,OPÇÕES:,OPÇÕEs:,ID,LLAMA,89.49757218360901,43.214285714285715,49.99999999999999,0.0,95.09137272834778
COMMANDs:,ORDENES:,COMANDOs:,ID,LLAMA,83.26401710510254,11.938202247191011,49.99999999999999,100.0,84.88270044326782
"
Report bugs to %s
",Comunicar erros a %s,"
Informe erros para %s
",ID,LLAMA,93.17039847373962,30.72619480702753,23.643540225079384,50.0,85.09238958358765
"Using %s
",Menggunakan %s,"Usando %s
",ID,LLAMA,86.95620894432068,23.512544802867378,55.03212081491043,50.0,79.4657826423645
"This command does not make sense in non-interactive mode.
",Esta ordem não tem sentido no modo não interativo.,"Este comando não faz sentido em modo não interativo.
",ID,LLAMA,82.25886225700378,55.5192338980474,29.071536848410968,44.44444444444444,93.5828447341919
